-65.79505202411113 76.2554641466206 0.4962488460786165
-33.78094660134565 -16.101558189927772 0.42620593581370014
-31.414491759557308 41.520149596636145 0.5325686539699832
-47.35661087948242 -11.242660882930352 0.5440090210657919
57.82727609982675 -27.101633285548175 0.5091519892161948
26.169894419591145 -93.97327484538023 0.4957074497254779
92.51587804676669 76.9239090841103 0.5006260920277044
-75.50257263795312 -60.01797923270706 0.5014187249260271
25.026627261201014 -28.064988606604075 0.41578133291115205
37.88714013914296 57.18739252549315 0.4921188153735338
34.4893124405711 -29.987296798883392 0.5500755367892841
-84.41637511168088 -70.12935884208474 0.49731550684791465
24.816983359319323 42.8922639223554 0.4938075228786724
50.46058692735426 39.427977225880255 0.5143232086803459
39.52440306490445 92.07555332721097 0.4967629359454999
-2.4827330960604144 -6.8800329246383 0.7125807371634014
79.96945186948489 -89.65434131797205 0.499880662887142
4.013027545959844 17.46853632832834 0.5794794231767424
-80.37776323379491 5.803003964219926 0.5051587681414078
83.59044263383083 68.05140882175456 0.5011585474387041
60.82409487028215 -31.10439615198149 0.5004296553338857
-13.956103386402987 -52.25363941021301 0.49309478610681534
-28.14997057567345 72.62101713844837 0.4973945794218159
56.27207361688471 70.36979929950311 0.5025430903142145
-7.054207531022016 96.2430134863815 0.5009597112749795
-46.97877284281653 68.76209714376239 0.5079299617447758
39.62656216550087 -1.128706329654534 0.5555574740423869
19.343419078353065 68.34948077322548 0.5104958770109146
43.313617635687734 18.316460830522118 0.45242549467682674
-44.3370133894724 50.94348457189676 0.5161656228778242
-63.83563752551342 56.97179494454008 0.4993239108981429
0.880139230835141 32.536077845422625 0.5753461138070726
3.23765081099738 8.109711563055981 0.42039904499951214
35.95249589850155 61.0846728803356 0.5127569317417597
-59.05369260416278 61.270201420505884 0.49371083754966527
84.70856242956691 -14.641153519498701 0.5046425105734998
51.430213152374165 74.32930587057973 0.4992081879860243
-36.02539326385752 -96.45511193524996 0.4994373140435724
-88.83032573060115 92.25910625974194 0.49982658473682934
-20.986016701411245 -32.947180334424274 0.5717606993661942
30.452948032429305 46.827164777879545 0.49442749475383546
71.10267183248146 70.25100379631346 0.49832439366293657
45.87639746243474 -89.06728323129718 0.49682439049063826
-91.53039241235359 93.35932294758607 0.5011338397739689
-1.4212675000045323 -48.39925987638032 0.5381280846683616
26.398487715615587 52.05194086872223 0.5227486701863239
-70.20610285352096 -57.13975590107951 0.4977063936335595
-21.493134704180733 -99.85845125960996 0.5038102144519997
6.589868824612651 68.37997399122827 0.4897576751226699
-68.47253997064671 27.481705192367343 0.5119914787525058
28.22934616030915 -48.49840832666783 0.48117254280802674
73.04738701736909 11.203031563202856 0.5118449242474536
2.7092312750640843 41.863974657745814 0.5397712921235287
-18.160453633058466 61.45529558992405 0.5153739702987883
45.74988133753587 34.92363878299821 0.5115523324137435
54.05671873552228 -95.45065056234034 0.4974481330774036
-70.03948490575561 92.86833704382641 0.4976618417140561
37.90861068841133 -75.79877896197593 0.4926121717750617
-35.65941279399112 65.02697749307094 0.5092721488037716
-32.96422143354198 -22.774113583455218 0.4983956257254883
-52.482071617455176 97.1163386002305 0.49814237309570913
16.273452081060526 -12.673325350921957 0.7255249324788917
24.460989992184466 -83.90108681678362 0.4972072643830261
1.3030597165389963 78.94690823660343 0.4935926004645366
62.90765461235844 75.66791796755905 0.5019253273216394
90.27400827372728 -25.72997504761132 0.49622496447227227
-57.614173167686886 -31.231562494585987 0.48860066644994
-4.572564830907282 98.48666572309105 0.503227835269622
-71.8434731927112 47.053538836186306 0.5036944790354152
-7.178209413344234 -57.84510727287009 0.5243863625199261
-79.79135736317325 -0.5950462811771189 0.507421946013819
-71.95991650327758 85.22756901620397 0.5027656186127347
-90.02111559789073 23.39386042874807 0.5042131668294418
-16.824440317788685 -84.17610923483649 0.5032028469837756
11.043439348578275 -65.72359413895252 0.496186526135687
-85.36927795988056 83.64628671882079 0.49794046639829714
-51.22056736190777 4.663728784468944 0.5260077858506453
-7.555009936009881 -76.11685760740279 0.5061421907547906
-47.232318806339954 -25.469399716653868 0.47099651144095694
-56.07705326566234 -94.9725312233884 0.49774458281039496
66.94354893974474 -74.53030076807534 0.4968607584174625
-69.9763124225338 41.78427824131643 0.4919836670056984
22.50032890757707 -86.60466499583353 0.5061256805702058
5.411871560122222 65.93183933648709 0.483812170251814
-81.77136744546614 -32.77408270014533 0.4937050357419678
-71.56776148155228 -40.366716490877906 0.4953039421747496
70.08831847143006 -83.22833573242663 0.5020075667925931
-91.37768253763609 -44.736780094182826 0.5029141813207288
22.88275463281684 32.286553013783674 0.5623841289171202
98.93807780357363 -88.3859175959526 0.49981486506369516
41.9364522877884 95.10718242638009 0.4969219115492398
82.71585403154069 -68.13005962190041 0.49753573969130865
-43.64732165949214 21.18531874127028 0.5416745546032723
-83.64276485611155 -53.904693314183994 0.5019250430655642
25.270883701496643 16.92604677966692 0.5562248698818115
95.62436325670768 22.520809809051784 0.500578151911626
78.21845166600431 -42.27574093006841 0.502008662563614
91.20562947779345 58.17524720315319 0.5028409628537571
-58.976534822914715 12.296153952668348 0.4896037167841751
93.4485316061637 13.515691776173227 0.49521594919163126
14.67586003776482 17.156752243288253 0.4148843318548293
83.54700013157967 43.80742664605489 0.49497601946912045
73.47604146057057 -13.852897260936686 0.49642930934891943
-14.393822327724479 15.935730581388441 0.38032031912699843
-13.72068798404122 -74.38407450235633 0.4901899523473632
61.55425078243596 2.161032653633143 0.5171599236074242
-19.758068318656782 -51.05047863816547 0.527845010315637
-59.139903329397605 58.04026027203423 0.5057483251261096
-25.16761589608025 3.2315499743046985 0.3361343827358315
-20.591755745294947 88.52594939682925 0.49470997828587815
5.6737177867999975 57.713763813911726 0.5254163582386526
50.15969121170596 29.195283991627065 0.525851240743538
-48.08506863275015 64.36700844058248 0.5080270764960066
-76.48633255033879 43.44512131272171 0.49345090252569596
32.60642948415165 -78.94767012411725 0.4972745152733212
9.902907739398259 -91.13209393376451 0.49756051006815677
-42.641787140607626 -72.53600542509757 0.4984197664780184
39.903267874419214 62.78978321961779 0.5049107839244991
60.794377820843096 37.95094659508686 0.4949203255469964
12.386067186892944 7.7521420122257325 0.6975966362463807
51.870096094367824 10.872594551552822 0.4764710657811504
49.85831067321621 -92.68046187788961 0.5034288638510815
37.377270034685864 28.631071884930805 0.4518428709769729
-9.247828675745566 -87.50730454810105 0.4934707815031812
85.16693305721262 -20.797581596587534 0.4944936174204701
-48.834697913942506 -49.85674678261856 0.4967969245724411
3.631318718268318 85.76100576686008 0.5031628632855966
-42.30117524080163 -61.30687426647916 0.5029630438746829
-82.08549282286302 -76.17754099461315 0.5016508167188476
65.35187355470202 -21.526082237818244 0.487610435227883
51.77660276500342 -21.304917613045234 0.4872646388409959
-45.50276833072693 61.723772580800926 0.5088838759544434
85.95388474977352 -44.49853609152514 0.49831427212155144
43.2798863774878 -64.4712618429424 0.5020760609531798
30.205971176134824 35.00888103198949 0.5100614272358267
-72.15085267766943 -3.0471712763299905 0.48710003270294466
12.838576292585486 -66.92882566102445 0.5055453355599198
-4.826687450177005 43.7513914880453 0.4421926188354993
-58.24878007909406 26.26908883143699 0.5103121569305835
43.81536613730262 -93.36311182178764 0.49825540461067785
-4.731455507949619 16.735465341721678 0.7872863091921836
-86.1007042173913 25.060570785484288 0.5058841336818279
-96.49006018215871 -6.40133110820247 0.4990894862605336
-88.16526741612746 58.62302564922274 0.5010073827447604
45.24220289749317 -87.86740715303326 0.5041691551244305
-87.66704001552372 -52.040000206415506 0.5036740720365739
52.73234339154439 23.062771584782496 0.5115020400778141
-3.6826699403222705 59.88938062557639 0.4808326486287501
-36.7476600322167 -61.59135462415097 0.4936576103800666
90.62685165068876 -62.22234771120849 0.4970832107767797
-56.77741757413215 -22.55045189854941 0.5210593841471185
30.1747502954301 48.43478473017228 0.48586750379055377
92.14454029105818 -30.83756270329947 0.4958571294552427
-55.399252746770735 -60.247789966769204 0.49202086585572
-4.795671219646678 -49.8149260427319 0.4631753347620761
-75.01706813419993 55.83483590904649 0.4994450346866254
-53.04533619251215 -89.19200917507828 0.49646404331566374
-79.78492355140139 40.761293081966045 0.5060934455546209
-35.14939244691489 62.73881315989729 0.4898345538301707
-97.31891712228469 -33.710416855017016 0.4992271265517134
-14.429478482500443 59.31717860878726 0.5203598063701053
-13.815239461561362 22.836606323188263 0.6704596293662679
-0.6124418659574076 -88.29114356497121 0.4948838443267123
3.1329524335809396 -61.43366111339685 0.5191217707372543
-78.14149403738686 -95.02624048641852 0.49898406579558613
55.10737436353 -40.77251794083223 0.4934092129811942
97.23268762555458 -35.87210290519836 0.49638115733349264
51.39376176882166 15.430616198151654 0.47094607450072096
-99.1760610890596 -40.463207177688965 0.4973428317550595
36.312326594068765 -89.6433123640671 0.4989392441005417
-55.223042585464995 -94.87712879343624 0.49724772372741205
-54.20678036662909 -86.70899167423588 0.503623361085778
-88.56120514734636 86.13909695901688 0.5008599652168114
85.74104174610119 82.1444806179571 0.4993724302762924
46.134724240645085 26.012713133366972 0.4782171418790463
3.8768338509171087 -5.692247551939019 0.33815061475211594
32.39292451223514 75.61179168927873 0.4966440425456999
13.452050314334969 99.36711024863732 0.4964390511126397
55.55856646472162 7.6581314373693345 0.4825955103341444
-98.53662724434109 -96.71665794616689 0.49882030687911183
-23.231712129236513 -96.5771179479278 0.5031161099869298
-79.61210755188681 -5.198782599324886 0.5072936608510487
62.80187506115445 -58.21605583979734 0.5003687226279809
37.18863718368428 -2.6871562316135567 0.4407452053815045
-98.88702261986151 -24.503668114679414 0.5034803442910416
46.14544114880937 -1.8290134461926897 0.5157181080535729
95.37442705523327 -83.06241189267675 0.5000857827615518
-61.72222173505866 -63.760923663379685 0.4998946353725348
97.05264622888672 89.12587147198914 0.4986117081462287
44.372079256924934 59.31201142711075 0.5104789487430513
22.423224153697646 18.37917618457361 0.4803659134495455
25.420640570170903 -47.08566290010259 0.4671995292438971
-51.200238749198256 -64.30742970882247 0.49577930503927337
-97.65696364726514 -81.56356905365013 0.5016921280256573
-57.75822213612554 88.41889811120964 0.502505352098245
-94.6993751900048 -63.14858920846829 0.49969493845506824
21.583025796022895 -0.01610320198723514 0.3406044887614339
69.6808395101537 11.676886101901701 0.513896045544515
-45.72757839144603 -35.20876194396345 0.5182844260389587
6.581651380707896 38.91956058128386 0.5702446392241594
40.46107048860773 -55.63440860020559 0.48785751157555046
-36.99071107023633 -63.68700361342221 0.5113613076363459
-87.3702979029884 2.528096236434479 0.4970544281324828
-65.78393060230209 -3.3039006961371484 0.4828527297614724
-74.57950767522902 79.5363164401941 0.5008182679585743
-30.39017307783132 7.207249335159432 0.3803503119886573
-72.44340314184893 -69.922600592355 0.4961556901234393
-51.14840750474217 -91.83863115748821 0.5033411536919382
-43.1763321704407 41.74709723117081 0.4825456401128211
-8.19541358982427 91.36401910501951 0.4982175953308128
46.508645306268164 -52.71715385591891 0.5101583540984153
25.897574319634415 -66.62990049276934 0.4996083086004902
98.60466079717213 -86.70073766216075 0.49958670627151847
20.77819408954214 32.65564255270897 0.5342859145134039
-12.036632318345667 53.95590479816735 0.5249339321338425
-33.449569488814234 30.253576042439192 0.5336319407251251
4.996854373073248 -35.51171381869078 0.5823772182330861
11.150791990209214 22.673934236629137 0.32047189848855484
32.56651938195182 30.528824455790982 0.48572362946999903
38.912409352570705 73.3749393928411 0.5073972653366864
62.692109612263664 -39.13409894734823 0.511835149897175
-87.12533239243928 8.981668575154572 0.49515770371126533
-90.68497837000524 77.86297730438886 0.497949915566322
-76.6784837805721 -42.78644331843682 0.49372968308567844
77.86770237904298 15.96973245422042 0.5029936582551249
17.974764967112236 -91.36674833222466 0.5033972545594266
43.158826662964486 -3.1443261033315935 0.4907873512343211
-84.29766322977986 -54.25055209724279 0.49655276790748437
74.06791858675172 14.207041741802499 0.4888301817796826
-28.701412451231036 -27.074570206977498 0.5712289381564594
-32.55699996490635 2.470044160717677 0.5916437149322035
2.6785639478425196 -11.109353091266243 0.7539441561526279
-15.112635465697792 83.49595683586696 0.49257692925558316
-22.419231753732504 89.15791443498415 0.5004678604538532
61.78918175754677 83.21187486299982 0.4963794218182836
70.2328419181058 -35.046273525574506 0.49029506103233206
-43.12448640408457 46.07291551529539 0.48282240277373023
4.139566929127625 -25.33536258113753 0.4139212308765958
-88.16961966185721 -71.88426701600714 0.49937247238105786
7.352198033270341 -3.0473684138131603 0.9325388158187933
-98.03464159537592 19.83011322236304 0.4978448633096672
55.81126927562187 -38.365341186074 0.5149736693743809
3.4333402695062603 -84.54151191402062 0.4931529910245812
-9.740189337089532 6.325742133465923 0.6272029227015036
86.52647348058403 58.92655132894947 0.5015400793797695
-7.1078801511700505 -60.11784879307687 0.5027929457503884
-1.0041371951953408 57.69455469830257 0.517954307378293
86.38770083587255 -8.761183715398715 0.504399839773125
-55.01189349532256 44.93551451981094 0.5105352041353287
-13.599538012338598 -10.818920941185596 0.7891552854851118
-16.3329692749095 -33.5788005196447 0.4342858823934407
-18.032902936523314 -24.640295716114906 0.5256717917306308
-43.264854813366746 98.1424749556067 0.4979701842522725
-23.15810370865546 -31.069039439023882 0.5404954442059084
-35.59322289498428 -80.98489103333158 0.4964977710268057
36.61184881013335 0.9577722832311508 0.5498840324202939
-89.25093336452919 8.292250266205684 0.5060038626812893
52.57513621867048 -7.27039152744797 0.47295733711747934
67.08992098517501 -28.532569843303122 0.4966112313857135
37.36955508241542 -49.28864216585651 0.5080816665029315
-73.22303891721288 -99.68530900875174 0.5012985859176827
84.49721045459631 81.07522359088472 0.5003591692061634
-32.55335039645411 -37.61653170515223 0.47895657751846804
-30.58838657361531 -32.48533841929246 0.4837316089796102
-81.81391809045166 13.914442443467777 0.5069473282836356
39.48999748230173 -92.78870574825686 0.4967450173970946
91.03538076841426 48.16429169400868 0.4992314909398914
47.12312458685213 74.4888631695697 0.4939072268924181
99.58210716762196 23.30136402842318 0.5035890437860289
-97.20904179090775 29.70193080684936 0.5023818754326769
6.760655248970096 -32.19557780293714 0.613497491086542
93.50130462596746 -56.7009602852504 0.49895104730049594
48.386831107971204 -87.206353051524 0.5001231826723493
33.008029088867914 59.03617384399598 0.5158107082443958
-50.20894128895086 -82.57912520549151 0.4996170313897537
-36.56324690645319 -2.9841094037649043 0.5401593122344523
-69.95182476246238 -4.805169508661521 0.5059867762445245
-82.91573696615096 -42.48816393668422 0.5029637227058427
-36.43616077443617 23.836007488497614 0.46220117515333575
2.808392253583463 -18.207782060760763 0.3166732499839636
43.185511683221904 72.66967542103987 0.4936950428516049
-86.0351100028018 26.45605395218857 0.5035055920603277
84.9884864996898 -70.25297828096927 0.49764958767911976
-93.79595243239585 -12.058995204796233 0.49594461136226403
-54.466018127651 43.588742892141994 0.49598651181345976
65.74801589619304 65.95265044320709 0.503325700562995
-94.15873117056172 63.68628873932451 0.498954705431784
-63.8287506231934 85.14131020252705 0.49772434182805736
77.7540603266811 15.434444039471401 0.4989830525536346
61.386107911593854 33.24626198120501 0.49741980840933836
42.271089827127895 95.33287178727005 0.4987927457036034
77.64395492474023 53.17933844687482 0.4950486321194508
-22.689097679816797 76.20825166204611 0.5034396215763689
-32.841130154720986 33.16997604066154 0.4689639833448012
2.7489714211266403 -49.449926739944836 0.49613100591310616
32.038933319829255 67.92848406768749 0.490555589451728
26.22571927579284 -19.24736164591745 0.5722547216306189
26.644139293432218 -11.806611873340884 0.5241948388181407
-48.44564806018605 -68.51496610265635 0.5019169441585175
-32.195794050268915 80.82528856761456 0.5023666277492492
-85.10717265364845 -49.26452279668676 0.5014025007800017
-46.03565728222152 76.42018042890905 0.504993754707082
-55.68923973246886 -21.29925070976759 0.47611594520754086
-92.30092156517465 -55.69426969466655 0.5012375457140843
-62.6948520374059 -14.433237877142815 0.5187587872239605
-57.0090974840167 80.80641073913571 0.5042634198625755
-96.56563988902272 -27.00797316217343 0.49644738511391306
-47.75590112601593 -27.195567947990014 0.5309083045091539
3.2606099561684374 -17.88485357174467 0.4353388477748118
8.54433662350094 77.97200975284147 0.49042570298029875
-1.0934120902355176 -11.749951414996644 0.48479177737918694
67.15448377817697 -58.65814909351461 0.5046107153730218
45.60826678686982 -17.830706521381884 0.5369079806065756
-37.19961728534757 43.00329024237533 0.4773434541015266
6.694107191925141 -72.80840487656069 0.5018176474488734
15.89273062562701 -22.642056180491267 0.4452612996192288
-56.38165722280355 13.208801664110908 0.5240632876937943
99.94271885026862 -95.0569213399645 0.49897258204471107
-84.29160949603107 -77.65080278817169 0.5024838295225557
-96.13413965058535 76.6271727983717 0.49869995346678553
-10.586603730395595 -37.09469814539348 0.5146656964549321
-74.2079304174691 55.743597609256256 0.5052118157870221
66.11795041094041 -10.537417714127841 0.5062787896746244
-58.974304614272825 -59.48687350496231 0.5040282311303145
98.11397361933038 -50.39419456160776 0.4977699212214855
38.75704543157423 -27.3355434542423 0.46109356579349225
68.73043304947672 -21.782840718034493 0.4876217348005763
-65.63379422915014 20.19252238479794 0.4903734830904091
-96.98182724998965 -50.30787376773675 0.499504589563289
-25.18535244461566 96.83817307813948 0.4975768978611419
5.579677878720716 -51.2820618176842 0.5326826409145903
-62.684010255355325 18.718779450385824 0.49199827919612554
-95.91465006274377 -65.21049805310959 0.4979131538737746
-73.48853477436113 61.57018331695713 0.5047863924918028
37.65915992433321 76.22592357005536 0.49318813713352944
15.76061764524384 87.90177475015994 0.5055515616505908
-34.57065917941375 48.31838929702326 0.47930704511182787
-45.28335066650695 14.33873570433559 0.46552003219728655
18.18839537072607 -33.84161149319094 0.4894565859769211
-2.412203289357649 -33.87562071445622 0.4601498083037273
-81.16571251911526 -18.617413441730378 0.5079348334623636
-81.04741504244771 67.78040599591145 0.5023002895444506
-51.07480466671208 -38.35896552619613 0.5095590880262527
77.22407621850513 -38.72729508696013 0.5069803332725744
27.382549466599812 76.61612550725809 0.49308291376656266
-25.208565038316564 18.496777972280782 0.37780918142739517
26.874510062908257 38.649006585588296 0.4518941226005485
28.157930933819387 -1.5949707700076488 0.346462397257546
-74.26167682244241 48.16195250614132 0.49706421855186395
92.01376831106876 3.5014080896101945 0.5020515377492962
16.678386999492403 -72.70090979108726 0.5005416504235127
9.079216800892993 -34.3600633967325 0.5373782340939945
9.14539050342482 -19.922191997283093 0.2741340099631132
57.57200546139222 85.30135371543952 0.4998160088235933
80.04072468109689 67.9235313932634 0.5029803031420453
10.69460360147751 85.47535249777027 0.5061750561097889
72.2440670102659 -71.72140416834253 0.5031866236948059
-12.288726734593297 1.413788365113561 0.1525971997757522
97.8165296001564 -95.83225062837737 0.5010881861964708
-61.81379944457728 63.03286052360127 0.49481061662339093
-77.45107171562957 -41.6936278961723 0.49345021333100947
1.635237262389765 63.171572653629624 0.4849469503221548
-19.55300288665731 65.75631009538407 0.49204717048889934
44.290825257178284 -41.252436757816334 0.5023275386108289
-22.006926978521264 77.75285660287247 0.5015573022404414
-40.200845609237334 -23.65909682258976 0.47138762400505285
83.73989574082586 0.8626253555799934 0.5043098737265274
-57.2940362319581 89.16912816145731 0.5002630695606499
90.88862009948645 -63.670608020221486 0.5012542312092664
-69.83876499393952 -55.921922606460825 0.5061122125911193
66.63034031702571 -93.2849527485012 0.5024953727722384
67.13588955484116 -39.14171938837099 0.5008360016907911
42.05733749506919 -74.01590910629572 0.49399432727188064
79.35389021896893 55.411923338073336 0.4983440563886012
-12.30307146255845 28.671145644566195 0.3834637058085034
98.26260284535019 12.207599245154043 0.5042544541970435
-17.254714664016205 -74.1524514850421 0.4989168899371903
25.309469626459304 84.51577323940847 0.49437231575069185
33.65159768071862 74.70909493920675 0.4926817549556396
40.290248714291664 71.78709345342628 0.4976176734619957
21.96764042165644 -65.6843312610202 0.485746096254919
-58.50614637718543 40.85817921048766 0.5029518457085993
26.252638167496855 57.401720853093565 0.48312767155290404
73.24343232373974 -81.04545173092689 0.4995960679468203
-95.68325799829118 -22.974050390755153 0.5019287362477208
12.91529596872904 -96.20671495783897 0.4963060150268429
64.22703490017346 -93.5258045224252 0.49804091460535727
-36.73074184095444 -56.655005995781174 0.5161611281923999
-99.37779061053442 79.7928920358884 0.5015314932114495
3.6622902672890802 -21.919218751659116 0.2996204995787537
-19.202764657087258 -38.87630450884372 0.48065330541370105
17.10069516389143 1.5593119332030483 0.7913915856646516
-45.6710761322473 -86.11990252207961 0.4955423881754788
-75.58349534956139 31.886129467543867 0.49362815282053213
2.618094951844668 80.19769105567528 0.5087336281433077
-0.9595553002987032 60.265449172866994 0.4908180532649598
60.257128417408325 67.39717388920775 0.49898866698049
-9.497415954856166 -65.9058156877141 0.4942815672167417
92.91079981481778 26.021039073060166 0.5011014517199338
67.70308186520734 86.0645432497009 0.49817307810281186
-24.64610598415193 -96.2683787887533 0.5028655143987865
71.0500259740358 -60.20160513141008 0.5033354637472861
-44.93073294512786 -28.593942334575758 0.4675321196991946
-27.738041237458418 -46.79730798778476 0.5128755175412146
52.312220618006535 -26.508936389736775 0.5125793492871822
-53.749751522802235 99.9845326164102 0.4982650740670994
-69.62562295214647 31.072921128369103 0.5013124231155897
40.15601290699624 -92.34312239092046 0.4961892509279993
84.8030299975917 -45.65592883153828 0.5026098401804652
-97.95835074673195 99.99621092893636 0.5011019441720239
-41.46489052181512 48.04006041560248 0.4938837021169155
-42.412513515214314 -99.34862667369826 0.5023340638413709
-95.89947117752094 87.30855871147352 0.5003106428551519
86.68427238995585 -72.69534447747617 0.49738022653949043
81.40345242996824 -11.404091798252438 0.49574983672805517
91.07891233674289 75.66935676263276 0.5007967360474103
72.46065553252072 82.42007422029599 0.49732221861819365
46.66963074703165 -94.40595983830227 0.5033885725752157
62.906794425194846 -84.60987441694034 0.503164186318573
-94.02174636098113 -73.43047331013655 0.4978739474569086
-22.99748256625446 -70.8524961363207 0.5028046735218721
-77.51669684230073 -90.34332246014584 0.4983094937702841
-99.56787831848777 -1.0348470852067635 0.5014179063863686
-29.938358963198226 -35.90650182379737 0.4638602691222382
-66.00351171066308 -65.11633731052144 0.5054110608823831
23.866567944840213 -75.90923845890455 0.5044193236077159
31.456133512063076 96.96195855588292 0.503645506856925
98.62952326791813 13.411748152513383 0.5017009254503729
-16.664351117172856 37.70700011444845 0.45069640108094267
-53.75579534589989 66.5725528169967 0.49939265311832554
79.68048627845386 -44.43915769659299 0.49443819177819354
8.442954249170384 78.9986968661483 0.5022840856953742
93.08471032775716 98.40099861844692 0.4990038148925282
-21.58584242085422 54.78807051932591 0.5008936435475552
85.67694462058816 26.25385494847059 0.5060655162234614
-80.83941633106528 -16.49545637571626 0.5006296040199234
-68.74277883206467 17.420372313680517 0.5123270063548911
54.4689100526038 -93.93417485485817 0.5028172150944066
99.92284185182874 81.77805459950017 0.49870762392162116
5.90807079723173 -61.46480574303308 0.5121296719877942
-27.72998914167495 -65.36134558372021 0.51107747533613
41.56714929683221 34.413207912070476 0.4855766409059512
60.08172486407986 30.56129355252017 0.5156664205793635
16.551343929457502 28.51192654091642 0.6147270377166297
72.35786372823151 -29.819386821161075 0.4916377273874502
-66.05165457613927 -73.13049021865513 0.5029328084806972
-5.412420004174038 -72.07662854052862 0.4871077904438201
75.68648704812782 62.30576712995918 0.49875683619879413
-60.31801814657436 -8.109789497019477 0.515733056945911
-85.06533960551602 -74.37241027479193 0.49741951025016473
99.33105348227255 95.35202343114338 0.499407518029174
51.61477914825966 -36.06876769865046 0.4804709388126261
86.88904143868803 -95.93223646441544 0.49950552777321766
21.000446785712896 64.2059265324792 0.5161517047316911
-25.316730236152395 9.60179329849737 0.622280824231818
-28.81826280637192 10.688203799560242 0.4721994694809938
67.27303538503105 93.78849906727973 0.5001598158014084
89.49612808448398 14.47665624386336 0.49631341768123666
-76.85182319815982 91.85578006790348 0.4984741655254594
-53.711555876424 86.37732977702737 0.5027797528753252
-25.63444124744818 -68.55389024525124 0.5036061318508672
20.92697716081888 -62.52293361555472 0.4825714361382796
58.75110694394195 28.309389930460355 0.49899105818041795
-95.58292390063008 -68.6524134575305 0.5021949404474907
97.97816627535613 66.55316230775477 0.5006577922165087
-44.93122419875395 44.63729749049895 0.4893432600931875
-36.45391586838027 -34.55960612728066 0.4598109411176372
56.105681081556696 43.30356595103021 0.5128238149137784
10.776026250882893 59.15752259595891 0.48507310626842615
17.019530788301807 37.35942607518879 0.4368505847521353
-32.05459370097219 79.9200265847764 0.5059442421477932
-46.856437273763184 83.5164168141111 0.5048037237373696
53.3152698701613 -71.30657462346255 0.503380650918073
13.687186594246569 -13.661801320932469 0.35207777099157767
-71.78820721106041 -35.46204372987181 0.5090724549480387
95.38655627709295 -52.229669245869495 0.5022650173507487
-47.45310773063607 43.50137888173711 0.5188662425650474
-56.499162907580484 43.11277356510726 0.5098303434435136
-21.554827380295464 -96.01120197340623 0.5019155978398492
17.94304600914647 36.36502406148523 0.4401821750426337
-45.628003203930476 81.88397215048667 0.4972618886144118
96.26337016533628 -62.298851460008905 0.5024979099808499
-12.218186061895466 -78.82292755663968 0.5070984365601361
-15.805637234059432 -44.228057581164435 0.4537150700225201
-82.24045522552782 48.460887675380405 0.5036630657903745
-82.30267051635414 -94.29734640865097 0.49903018168559177
55.368767046803555 -15.885807814829022 0.5137194314374238
53.091683767996955 -92.05275649114859 0.4984888774891694
93.68512018327579 85.79049251521528 0.5015636756410262
87.2063397718525 72.59166566564829 0.49807666730946304
-6.641675892948641 22.519048119425932 0.7048721644201709
80.8490149002264 -46.49804061263043 0.5020300544808526
43.34129626756723 -61.62462928267236 0.48885853435035187
-48.027534944691055 1.1907727678046882 0.5120113349180491
80.79377240960815 -15.5485276591303 0.49691988277277394
95.15588722680388 39.893557643976436 0.49796147569411453
-0.9463215319168228 -10.410373482471158 0.6898868312392583
-80.80247183454712 -55.23280304755098 0.49748642020666334
24.747134348434344 1.4378842069733935 0.3517816810948682
-63.03140271524161 98.52487212092885 0.49971151311142853
39.78623933469282 -61.61352737502979 0.5069540461223826
11.53702565727292 11.618595076850966 0.42623336876372603
-3.6499908277000515 9.062645055399685 0.17879951974564684
23.269725669817888 -2.4138571609089183 0.697252117085273
-89.11286208820847 82.41715437111134 0.5013144450868469
10.085822923679814 -57.749316014407825 0.5135538930979966
-25.262585785941823 72.18106700552619 0.5058530345086961
26.148621073576678 67.25534067944415 0.487264965719459
-25.945553109454835 -11.73236515458494 0.35962223297368406
-10.387692111308922 76.52255757795697 0.5089951878827866
37.08379864464922 -21.813124930139068 0.520909015591449
89.74919062805941 26.615319929019904 0.49844910571182505
26.435662436958467 94.0027388468159 0.4960897523847247
-28.24375718554306 12.227575912660257 0.46192160351460954
-66.0453187732863 -64.64410139397611 0.5047651662111077
-13.221308751452355 3.928543713106734 0.7724102049160018
-42.87462728566316 95.70193081775466 0.5025355218101537
-84.81276681829519 42.8863939200705 0.500059761993713
-24.2578267214206 3.4020571159418296 0.44307251193218034
-91.52292930247556 78.74932619646708 0.5018773945953846
70.23180466026054 65.02512089005924 0.5047332684448003
-87.10613820214444 43.26289101606409 0.49558575524613885
-32.727029875263284 -93.59327199847516 0.503958272329796
10.746440337678138 -20.974911169241523 0.7066519201879353
-24.603930457288243 8.981507485723952 0.591594176435347
-24.510093995811545 1.1793886513082867 0.42734629609760405
77.12964277257203 1.9614455797540415 0.5096388824885685
52.359204121413796 -61.327446818869525 0.5043777516239809
-59.35385831855476 -32.65993108228729 0.5147153499176544
-81.4786509833084 -74.73657324922118 0.4990063943418223
74.8284191503522 -83.81053514175724 0.4997718014412286
-10.73709740544166 31.094308209936912 0.6134351242890402
28.977984033739745 60.3147311657213 0.5051139464870774
-33.09315142384675 27.40485887343516 0.5273648832696121
-18.77338778470599 42.36402046422745 0.50011492223184
50.58761295943091 -66.08810764181553 0.5079475107159067
-12.582831721998517 -52.318645888263646 0.4772066949211367
33.962220132022 8.837971337781767 0.4519363307233434
69.09482064493542 45.05164138195144 0.5002956315874276
-91.00937230068726 21.798496447510416 0.49873988636882666
-75.78709286862019 -5.087893665273668 0.49523589971029036
19.41997395310551 -13.744153462382897 0.6827576279334612
69.03159854709952 16.43474625441212 0.5116996162521463
97.91594260072509 38.79879431954015 0.5033760927488315
-31.984379699318538 -13.686325047965497 0.4084842174033926
-9.369184063025472 28.336131061291155 0.6398673898869482
-57.04648409692508 4.882194504380138 0.4956990302594501
86.88778395254099 -91.08773708508781 0.4984045681709611
-72.05226982949958 -78.18208164865379 0.49818245732375926
-86.18138181396253 -2.5035540526860984 0.5065986523770527
86.05950363342845 -24.44112276909422 0.5061031471810239
-39.03981737890998 -70.14967570126514 0.5085000829091274
-92.36273254495467 6.821315453173554 0.5054081684932621
73.57049106449631 67.16241489716012 0.5010713301610672
3.5188415591357796 -84.43195047214309 0.49392885740904885
-26.440225724562907 63.67472252582007 0.48575043984278027
46.724125718899785 4.3508885621132265 0.4549949375458209
-20.700480503924695 -86.53515268241455 0.502753933716423
12.631156733705424 31.650392331880198 0.43856939980489923
3.191110534313097 -81.77933522703451 0.4919917719260096
-22.807339905127193 -76.51766962951115 0.5079200264399786
78.17132663705542 31.27232429677548 0.4976410682962064
-50.76687982167949 -25.785183567331487 0.4802959162690711
-76.84766489352515 30.647966909319535 0.5041334322418559
20.490784010650614 76.58950434004129 0.49920928218008975
-3.3822529083489457 85.11122260948875 0.49443997505256154
11.135768393813322 -47.93723984634364 0.5216904606919569
22.815173414468376 -29.210152501654306 0.47367122233224485
-34.18889610514944 -49.854304964217434 0.49886557937388665
28.554999030265833 -91.57257139461484 0.504703636867935
73.44313150976035 11.848585406339012 0.5049893663523397
86.39737829399547 8.95714352447618 0.5040759138752218
30.035513098523097 -92.35737024801753 0.496063113976281
82.86128383225014 80.90444926619438 0.49843224027217864
74.71499138221245 77.19854494762885 0.49896335795403723
-83.25599800354529 32.963135523930276 0.5061471322022512
77.41131677796437 -29.681525318263738 0.5062143369833145
-9.468782452085847 88.6061378745766 0.5041304950130564
-5.213031975647667 85.01915921019429 0.49444419416540253
71.60880162417843 -7.897582103993599 0.48812459897800425
-71.1552208784626 -76.33077025268311 0.49925976026110397
23.681186651065445 64.9036133448372 0.4850193065550023
-63.9998266883338 34.486638344237406 0.49200390625462054
54.64992522768571 43.090515741172624 0.4915910300777706
46.970324470541385 82.83140250093768 0.5018202332527905
44.07304345605965 30.385375877314942 0.46758444871886157
-43.87416593450002 -78.62434630823105 0.5032372434598876
18.27749528990256 -77.77641409888147 0.5083338446201742
-98.39674147139267 60.20769813932142 0.5004759831870065
27.3278627252719 95.30444386806496 0.5039749137878846
77.36940119221737 -47.54548646566863 0.4951433314498561
71.89799913586265 -89.12311531041696 0.5023841112700412
52.923325011936555 43.71672208187604 0.4909817916656627
38.61779930735756 -78.63045231263013 0.49502813928394934
-75.52800849480946 -80.99192167102325 0.500014656308175
-83.61413066152195 3.5310702058826138 0.5050155947940332
71.68320453780922 -51.35338596280066 0.4940988941774064
51.30973629433498 38.758941076618044 0.5185912762263375
28.184799455912213 -72.41074605864716 0.501043694220737
-49.52411341368557 -17.30934750566628 0.5111558951137866
-25.377094726223135 65.58600445982435 0.5106071311409333
63.899443318706886 46.11191444588644 0.49165396539838013
55.97957215395263 -77.43464064075184 0.5041873076505794
88.5389133954574 -40.7274684592621 0.49550443910825803
91.271944825411 81.6646938883384 0.49805612963402046
-97.35716032347939 95.55045388901323 0.5011449428148023
26.941341439934916 11.859132258045051 0.5980863906079962
22.940432610188694 -99.05440326980136 0.5025633974245635
27.686718085251115 82.96903811588649 0.496366650391536
-16.01659760701486 91.55809667797175 0.5046071905439048
58.603670287781114 -5.768876195579267 0.5008983925491016
38.587554269549486 44.76757521659033 0.4904517527163483
38.92123722637746 69.7232141593291 0.5079790219828515
-89.63433225451816 -80.91528681995088 0.5019015820043604
-87.76240600913074 3.313541766848388 0.4936693763871582
-90.13557757991295 -77.03418130121757 0.5001136655595994
78.86276413197047 -89.10242028746521 0.4984552242344674
17.091687769088296 -29.373340030152633 0.4557067468307198
-43.114223743660965 -5.623440342312037 0.4679559865416741
-80.6515811752362 -59.98307282660116 0.49594676357597894
-79.72448488700033 38.831450354955365 0.499093062030591
-92.03895784089215 -77.97435760863397 0.5016506750721467
10.986614537297186 17.743986772725748 0.6509696356429856
-15.16284648616275 -18.850505764522296 0.5608205774072241
-80.79218520004082 57.766304503352615 0.50318956676744
-45.089123301153045 24.843631307162056 0.5284166482999291
20.51103511415377 -94.41476355707906 0.4998777948705432
56.09014125163958 -18.226699789101303 0.4964029770704605
2.1241989746985297 -94.92442212084372 0.4991567335553646
-10.245177132628129 -87.06940496994164 0.49448957999796117
-82.61189973561437 -42.173005793083206 0.5053575862379378
-8.05450907553562 -28.634559164063546 0.6379773918032132
0.2708289781907496 -65.86924266238685 0.48283359803483933
-79.027088275861 45.70912186148587 0.49466207977967996
79.82855695080195 87.58694213384027 0.5003843808244829
22.10995321897971 -6.915363085986527 0.6488059898699645
-32.35039191641434 34.13397720883526 0.4524064336896973
-35.125462664824596 -12.731521703655176 0.4319979669133279
-57.07809460819722 -5.908830626875371 0.5026579460774138
-62.36302028830401 60.77461494404025 0.501355096827119
1.335730550721621 92.52477432497767 0.505247074831084
46.11885754260075 70.10595671900182 0.5018708923052893
-64.95717161254919 -39.949282995947776 0.5016088843129733
-72.58252934186685 54.15392843427503 0.49729490804874477
77.8400999446294 -8.313191177733813 0.49143171304440675
4.013638213061228 -54.59671546621354 0.5279378321801024
35.938547743564556 95.8548827886116 0.5032587713730977
87.065741644112 61.86473289022308 0.49675256048105226
19.114681896578517 82.3848943126861 0.49339611693542673
69.96749538644465 -21.609565648002743 0.5045020545547843
24.436693018550272 -86.24216981663022 0.5059982501339557
-76.77199917851621 -75.31436429012386 0.49966303832961556
-78.0444917168445 -99.5595284366561 0.5001865164668774
-72.40671141137432 97.5060739180679 0.501092596153499
-67.78591851641184 7.448268103283468 0.5041996560756429
-85.57528855863427 74.9341963539137 0.49930734980729957
93.03966210718042 -14.007959983937624 0.49510918016612926
-72.31992189072385 85.94792088418964 0.49992210947338983
-79.68557052269283 29.740573883927283 0.4934030569710091
41.66454789633133 -28.73404022106878 0.46967853402757415
-39.45970095377469 23.940049582369085 0.5184026079277839
-54.6871725625313 87.63360885380473 0.4973150444990789
51.69495627643681 63.56556164581613 0.49263359520557426
-53.2958670577643 -58.703225023830186 0.4992915638936163
-12.706683828916326 89.9043382715241 0.4952267430769281
-18.81730253997948 -96.05444770947791 0.4975188215650354
-32.505418743300595 95.45304700119138 0.4967139690752061
81.07418935862862 28.441348183615105 0.5041325878228258
-29.161476534099933 -44.50343898424012 0.468631750218349
-97.459988344384 43.5794836259667 0.49676624372636646
86.65959328436693 64.52038446288108 0.5024036305054111
-4.77951085806707 -52.56043185391985 0.48931465499952254
0.16333336919116448 77.7071897640754 0.5009484809149274
-54.672623522480635 47.495666880314246 0.4878733862260684
87.66500925379844 -70.90346793714903 0.49795870009403875
94.74519376982047 -57.88925478577953 0.5015405417737826
96.13515078849713 89.41745330114429 0.49961362312149804
48.24058209034925 -0.18640693036367395 0.5278101632243349
33.351579479800876 64.45919463335628 0.48978440982986166
23.678169320318077 7.689583853234126 0.330484015493954
3.8635969731289066 22.473359688099322 0.5114680097796227
-19.74015742939814 -54.95539667111833 0.5219533051433957
-46.933225489987215 34.14222692159905 0.5258549388349
-4.779855863052873 -57.767759919945625 0.5250605279161443
43.457058242031366 -68.13765520627291 0.5014013774133258
-33.743310602301094 25.71681261867043 0.5637502708762385
-35.14800004902041 -45.86805997051493 0.5208756574261216
37.20277114079988 37.64384361010326 0.4802440536324672
-28.55711124060214 91.94446157556712 0.5028829473681681
-90.3262076355567 -70.48356967092964 0.5024593403566123
49.61823783074081 -88.6511099144931 0.5020451344508208
90.75235957689108 55.572367617271965 0.4976996964372443
66.457214500448 94.13981292658943 0.5010426406755097
-4.053209286871777 -82.3280290661413 0.4993576456862069
-67.76160594313149 98.46268187485421 0.4979505988502036
90.77632781278822 -57.224505176169146 0.4982417338888755
92.4940402588822 85.35443877606468 0.49836996834728203
-33.16684526339564 89.3641630297875 0.5026713444342908
-85.00818486258308 -68.6433435284924 0.4994524342199669
-70.73967374102072 -55.43782129608572 0.5047238861983089
-56.23941678065256 23.911952401442576 0.5213182790376452
88.0857512880549 9.01048443606527 0.49745455897335383
63.476587715624504 0.4684369594367297 0.49457799819973935
21.749706182698006 -80.40719834566175 0.5079026571996851
7.6094894481495885 42.47355287838593 0.5057394199234109
-55.41085001260151 9.5941908337998 0.47662526655083676
-26.48088022355448 -60.86495676278698 0.48814334364223805
17.707998003451436 -77.76740745229853 0.5070262894905962
-23.89318859916439 -75.98734058973963 0.5056830944431054
-39.514639271453376 -92.09130523135104 0.4967113934065945
-94.20091067328657 -57.18941513029891 0.49744953915119516
81.6334148869793 61.769519358693515 0.5032636454544906
57.933732385003964 88.66693263993432 0.5007506550575552
79.77792389616201 13.742420120060146 0.4990051112532323
24.808400595010866 -10.441260803174004 0.653167274082595
-18.314282932570293 79.43749773106072 0.4918812998389689
-36.27086357086091 91.0473516236579 0.498528598408079
66.97293776548511 -34.71746854580904 0.4888634414651261
65.07660888894358 -27.708356771206823 0.513822472020188
13.563453393902563 -46.73805981805587 0.5439968262610281
38.537138924607916 -54.62057999685288 0.5029320186942697
31.630115840175932 97.17819270840013 0.5037498551549171
63.149854256741435 -66.83902269457147 0.5006855040888016
-98.44384045179612 69.24037788890129 0.5007713481163111
36.45418630553115 -99.32154583556469 0.5014843219943865
11.579723078107037 79.03489464972719 0.5082089320742517
26.822563893967782 8.559492272453141 0.34881813928160466
2.453751643749797 84.29821717686113 0.4957562161631244
-30.57963139958217 64.08113094759392 0.5110248199329432
-99.25932819641031 -71.04429441863655 0.49879475027436
44.69996683488148 65.14244171580754 0.49428677795013704
-63.69050555888591 51.2364874148129 0.49158749233340004
16.80350334926051 -57.555931399677426 0.47965057936744654
5.712937633434507 -12.389013289180724 0.6953616518090557
-20.57621413381152 27.467801118433897 0.40625786817287246
96.15980007684544 -84.47697536271819 0.5000778976126335
38.80349338157649 0.11495902245124512 0.5474494109773009
3.514841824572727 -39.608215634124974 0.5413089896678611
-43.32527130672508 -89.13955368418046 0.5040764448887682
-55.15252998218896 88.19905193018405 0.4972672364934132
-43.726156842239035 -59.50180442555681 0.5120052160589061
-88.27910929304277 -76.85982927780748 0.500117405075253
-29.834230699146218 -12.471177988796669 0.531777509873167
83.02986400012452 56.95394133778055 0.49616201391765485
-0.6190514064767285 -52.36020982261949 0.5176066705800377
2.3455928473649976 71.57471149645463 0.49627227661573486
-89.9490155173807 -44.036800667749596 0.49702537585906925
82.30685836568222 -62.987319612936155 0.4963798437964618
15.498191424699527 74.73362713985799 0.5029680071065118
-4.690211848310383 53.14847332594178 0.4663935670669976
-53.19145519868476 1.705439678261584 0.46833969856750274
93.34343245274724 94.77104501939837 0.5007806011099861
-20.46862920656345 -62.33575376359624 0.48671573275793156
-92.52647351044756 -42.181645184392934 0.5026306426359456
84.08290218614579 88.7544351033373 0.49829976199917836
47.19283554527121 23.632595743769727 0.48917718139061156
-47.55620505200946 57.280932705595774 0.5037523933355372
-74.69111826676003 38.75044562443961 0.49836961260381873
89.08679047048301 -76.90613428198915 0.5022026887530929
79.04981146876818 21.77396984609048 0.49320032719499746
-85.58219917493386 87.99395983930839 0.49825873177761804
-83.55324972815292 -5.171302485349912 0.5047121867495005
-25.958283663371247 -60.26211383379496 0.48660382916116146
50.25831139739262 46.28636746571138 0.5001398512952643
-3.682500783955291 -26.475979937740775 0.6698350643467806
-27.572532646252228 -7.42066926262774 0.3713367841595184
-60.560533730085766 -27.112596803950524 0.4875643859442254
98.34143382030257 -82.50299346862764 0.49895581393764915
50.596845302781816 -95.16755816933009 0.5011193968692557
-33.02567326284324 -10.861158228103633 0.40626652870701746
26.15253019556745 10.674710350353408 0.34554675512886635
-52.97697851664416 19.667990807111195 0.47165049892030475
81.83361643704447 -97.95814235017637 0.501146265248143
-18.739465680451545 75.11827190720956 0.5063314483603146
-73.10557232542938 17.147499952694247 0.4907466120671493
32.04021036575833 73.6633221793887 0.5081513072212521
-84.08420837285742 91.4689615322851 0.5017661766348593
68.00278334225905 -5.961751093673556 0.5020550939448964
70.02553981911979 -72.22875185034556 0.49599652608639855
-84.87829018661579 87.37079646508042 0.4997039674569205
41.75094382817599 79.9310623027086 0.5016861800053556
21.78883201189366 13.467863173425457 0.3961737817375105
-15.210719922400358 9.427559916740961 0.5949968248171741
98.86579988296717 -4.365774694135908 0.5042918200336194
-88.87747073626582 82.53390300323667 0.501580661628944
50.87308922344397 -39.47174823145885 0.518874666750993
-22.49425669033714 -15.761289370343661 0.5072796048441701
-28.716253986935087 -69.16633528980435 0.4939615069136938
-13.097494093851168 -33.5688692705323 0.5929519232074407
48.245994834533064 61.48949201750136 0.4928562988121183
-92.76757391355481 -31.32956749782396 0.4977860749345895
-6.524831669631467 38.09055059388308 0.5254264303373675
39.026714704716056 -31.3468211481905 0.4628006913553149
29.490122072050838 7.805659259872584 0.5331533882153474
84.90605596492725 -65.05301688552092 0.49691031176582295
23.459155003094565 24.088531118927037 0.5321049889289242
-41.30726279406139 35.28148112921272 0.5083147157689657
-5.400005636355388 14.276459527875375 0.29266515733999776
-19.000877437593886 -29.887764296171966 0.5143812653153681
-96.1599554035894 -86.72465630569452 0.49968609791340296
-77.98064245705893 43.11667660032998 0.5040953035949729
24.983417191012734 51.71398778776165 0.505300203271836
38.45859503372776 -28.23384266786269 0.48189330188447094
54.82231825622236 -13.51756764869711 0.4719008661971079
-50.24145720232818 -80.40291774489532 0.49783186187559947
-22.520908332454525 78.23505555215681 0.4926241830301143
-19.73630935480122 56.51026262974867 0.47751494669247524
-36.42018071035782 63.31994427755879 0.5001205343761546
-30.495976664946767 48.7784420131176 0.5101270282856418
-80.06311590600603 27.24962357441531 0.4933960088118642
-34.87438745283744 11.742291082989524 0.5206668121077663
64.53911122070937 57.120961219398254 0.5064422587615668
57.511303843945 46.23622154318642 0.5120066055308252
-27.236233441181085 -22.231018489282036 0.4637085106361155
-40.67267779933961 73.53564999733567 0.5000512898330948
-65.65563389755604 -91.25842621939873 0.4994117635925753
-66.1176502879292 74.10668500870398 0.5032174611790478
-29.469141473342503 -63.491965320242436 0.5027732217448765
-66.2915282438747 63.43923821195813 0.49848687331126895
63.472973583548935 -80.78618960921504 0.5010960729150715
94.30794207309992 20.519417469854375 0.5008371257191785
-98.54106263781965 7.167749953159813 0.5041014291974127
-90.77700216526443 77.44673637674683 0.4978600333635999
70.43606845563033 58.62597885466917 0.4972896012964956
-47.01135767108302 -57.96710614824854 0.4995066605640979
-95.665197376118 -9.529041497725814 0.5038225223284962
-29.03496359576623 56.50961906505961 0.496670916090671
25.972947805765372 -73.06620643055837 0.5041297996061852
-6.240108054379689 -32.823982542235825 0.5736521318553266
-97.99296157476772 18.58358890099494 0.5000505130829175
66.626004430199 -14.05293966238878 0.5072037532353848
17.46249838398768 21.774731739315612 0.3817305721096532
-52.44105600014297 -5.9409821690453555 0.4893665007131814
94.44570853488452 47.49769831414383 0.5019707558843383
-90.83960755026439 -33.065266820106686 0.49938211049135095
7.80227651736007 -49.39382499600475 0.4645602126754966
-50.606567640171285 97.16477987394302 0.4979479478628479
-93.74600221750227 90.47686137744219 0.5015224150276109
-16.691963260850912 -10.239320863110322 0.47252533000156666
83.2313400262019 99.88815507344682 0.5011797293202269
-40.96526589317919 6.059273414100176 0.4717030441954197
-61.60527716544883 -43.68251224749309 0.4892048775259126
90.23965638299248 -79.32106805760522 0.4999158215811634
-98.68303352807348 -20.14831584367556 0.49625512286335455
-80.51165625108534 41.213463873110896 0.49851736097826704
-18.92605746275116 -16.207094288179988 0.32709911740464226
-32.70221415985708 -92.33851710386783 0.4981319082291952
45.14989200034526 -64.31891161335636 0.49032656977556194
-21.118601595320555 96.70897326649839 0.5042811562604504
21.79916268938662 -78.16709074094152 0.4957753653436337
60.47444987831821 9.48242462776598 0.5220871012289038
-37.96198895796128 -33.04083139226634 0.46024132836875925
99.00930476749693 25.264953433941614 0.5037706312225696
7.0321121957923225 -37.33954501703691 0.4305977292010103
43.89572625131012 -52.833902912532295 0.4899189613976323
55.955867027718796 -43.151421463371676 0.5139049233282407
49.618074262352906 -36.39834035938128 0.5185834905231005
-90.82165306067891 58.22330435800188 0.5016757201491255
35.61335686370714 29.00328216473696 0.5377509338478054
-40.73639323724294 77.31274421515963 0.49727779023368146
-89.586584913567 -2.1640361750074675 0.5060581169485641
-71.19095611953297 74.9782486737416 0.49690245228589347
-11.990923306857582 -98.60664046530346 0.5031102284314309
95.9966855527021 41.653421803054044 0.5012730129387147
54.81829238293972 -6.747424725836055 0.5266226144499392
-12.417294850845266 -19.892772131711453 0.7029632621750448
31.7387035783577 56.81478442152522 0.5039502771638501
-10.765605510790536 30.767513563967128 0.583536226685429
-36.37440117627047 -90.04704822868297 0.49607374288487405
32.22485451893303 -89.9699846865914 0.504265772240651
-69.54366672458427 21.826588372616612 0.4962056713818083
67.37677302389059 48.379334132528584 0.5065969523070974
75.19115421279011 56.85382642939868 0.49488746384744176
68.96343745282007 95.69453199344261 0.5021537853882556
37.82470308617988 -91.43838703919987 0.5042928538987275
52.781376504654645 -16.456196495835982 0.5247498366551402
-97.9408964083926 -6.829442828970713 0.5000348668874063
-72.20924345098143 -3.7088034313471354 0.4871679711498567
-32.90658572695115 22.73461678587121 0.5087064816970417
60.63187463961097 97.9791436688005 0.5010953299174954
-48.87147945378898 60.50407510894422 0.4995582593075453
77.48193550072844 46.24080377476153 0.501066763321452
5.957418851838909 21.581695267364935 0.34470479534216614
63.056723710119826 88.98662847538515 0.500639761977946
-89.93118448756114 21.42413165880241 0.504920304210391
-7.30962835770417 -28.65454492136908 0.6216142071994825
-5.176979481217401 -64.54152224953486 0.5142753447510413
-53.85974310719466 -82.5199764730932 0.5029176151283918
-62.33859798838361 -64.1674934081524 0.5061028140182482
65.25255080301378 24.89711732356868 0.49828293981731825
-70.19272068426886 -86.38244416927864 0.5025213705188354
28.489973940163026 -18.915024800981286 0.42015959119742013
65.15308444017592 -40.42925274312448 0.5088201974031156
55.984561401102354 25.129219915655113 0.5215340993956651
50.359094748698226 90.59038668448292 0.4963787358336541
-8.197138474596315 -87.29447550904041 0.49443037215387653
-22.581924031585658 -28.56107498251133 0.5781696224049435
-81.05770999294259 30.7803134678974 0.5055981777655231
-63.13819983365951 0.3693911799812497 0.4835747274465607
15.548834132037896 -71.71396530895248 0.5076783752392241
-81.08523613789924 3.3747670898191444 0.49569178581081924
30.901944722966903 4.768660482603565 0.37773634135241535
8.080393614301329 71.41202043809884 0.49062740022997464
61.12869861039985 60.18134612187731 0.5024320974256552
-29.866402771034075 16.457441558065483 0.43472785194508035
-82.29016794279273 96.80248211008185 0.5015902573649804
96.74388093896329 63.266271963328194 0.49932737218363143
-36.4044581196862 0.8493122563914426 0.5777005937573068
-71.49930499932637 -60.102188679229315 0.5006094209164336
56.78542566380648 -54.62395975976126 0.49158629666891396
55.77178210129745 -39.01155713708731 0.50804789046685
-71.523571623279 -31.82050416912972 0.4914331704785743
-39.078666711207475 -45.37060918460958 0.4779167722141379
-53.253269357630685 -31.456682824702327 0.5082180712836442
-20.804567690382243 68.5516597990094 0.49561934059648005
-47.56966370852436 84.04961340564776 0.500248264172205
-83.24755028525325 -43.21285200255396 0.4967847418282263
33.44378801230309 89.63353653887765 0.5046368255554056
27.058270976632315 -32.30024005859791 0.5553125766083447
-64.69617754557234 -68.0699401171299 0.49595230147972597
-32.16047507546827 47.19650003467248 0.48818269363983324
65.10478858522228 94.39837658966911 0.5024972542829551
-99.563827856602 -66.9420711204461 0.4992170065254783
-25.456828004205207 63.979371147728955 0.4867939015382156
-50.676934598599274 -31.935903563818258 0.47831368162016685
62.53546793329329 -29.43896126408248 0.48502022041515985
-30.325514042798574 -5.236204008018078 0.4626081482819816
42.0242003146912 15.133658514991396 0.4887528065641243
14.632731696792916 48.78994898823717 0.49126089305135495
58.85139563735905 -62.728870129613234 0.5051396587886504
25.87153920330914 88.36786268219103 0.5020192870501822
-60.487204797307385 -35.85450388672487 0.5104404091899266
-83.27598437671138 -54.58272925803676 0.5014446075242752
-3.324978763722328 71.36080104761268 0.5008855416828119
-95.65071524853086 18.81090113648989 0.4955463758167696
-45.47618320772169 25.086472402342807 0.5358398372127795
7.016956643337366 -48.454953242987365 0.5373509005352805
38.76164300987213 -99.16207728936257 0.4974676987428708
-88.7961543868986 48.53331095857237 0.4990416579472252
-48.7387235567057 -56.61682111282962 0.49786995693959485
-99.37824234695545 -48.04594168977887 0.49811221622355245
48.76034840621125 49.2421984870916 0.4861438538750764
-97.86500160238619 75.92584281939253 0.5016793771372697
60.3382960403049 -47.940505918685616 0.5101938458286475
-52.86156121837582 -18.52438264467544 0.4859921241676044
-14.31982459865327 -92.11036252125915 0.5025116600846576
34.45571971807087 81.22416821858607 0.4944133388747374
-52.56860583302161 15.939488280066598 0.5308477268578347
-97.18886236179375 -94.13135074074978 0.4987780273716715
-30.156893345335448 29.35231755928882 0.551578711811856
36.653296852519304 69.81128134311015 0.49217206682799663
22.8151407791172 26.630062009493386 0.44726575815326086
77.23253782503164 40.57201294071976 0.4991715939620326
-56.09818116518379 68.88511575733568 0.5011055245701296
-91.43175810310862 -57.15488230460737 0.5013723621705978
-41.83654366083298 86.04156135616617 0.5046476926550936
21.501952715205746 -37.38295930413828 0.5086851232453381
84.27152823063349 -82.15419480873629 0.5022026566631589
-71.80682642506879 -54.947115411410195 0.4988531441034775
-93.35791118987105 68.8189891452775 0.4979158746065671
-36.41209746913767 -31.22424441157807 0.5052483562585938
29.51953553479879 -10.37961733875909 0.37630186188069015
-84.91013405390461 -43.86943296900554 0.5042943387607195
-15.085282494645469 -54.07127801282547 0.48031249882819876
-42.146891786501506 -19.807679416543508 0.47781569954261566
57.7831519350145 92.26298711711743 0.5017414101536235
80.64235650522855 4.181517886761199 0.5025331907239902
99.16903487275081 65.53605596781898 0.4988682153587201
47.986444045773965 -28.257193202804288 0.5044506159893398
40.93170892597186 -68.95366609362168 0.5089506463975751
-69.66578194509545 11.133599118307941 0.5134801236456202
-57.157170962767935 -83.65614719540531 0.5000111888352854
-18.528564387313878 -2.8031697140436904 0.23274329566410096
10.532823996856663 24.856205540202552 0.6395300104485879
-21.338783458638616 -15.219478329983687 0.5968973155519347
13.247010705761127 75.27686322215592 0.5051193969985074
38.82774923048649 -68.65871455374068 0.49251368318052835
97.70374114168229 -88.98370310018917 0.49865493858763815
-48.03983240240473 16.221399789120355 0.47496550655627134
-15.578778191787706 23.14971232363669 0.38345043580737803
-60.92486636053061 -63.362709073271596 0.49348664445632584
-83.73255452476715 -69.00870950627593 0.5029765445289541
-80.96469837958253 -69.27067266678266 0.4971580180847792
-79.63917752975055 -0.1949432953479544 0.505452038457505
19.45699439984996 -47.15695508041351 0.4971039617677699
-32.96786915376293 -27.466366974593697 0.5336038140833977
57.477637960468854 -5.770061048797842 0.5202307592778816
-45.606604831637874 49.41880037923593 0.5135863022794288
-59.51540714194166 75.84586941800569 0.5017941566697041
65.8239686218331 -6.58380650733838 0.48379704727036643
25.043225099749833 59.79962859911731 0.512074191739876
-69.05028570074128 -98.70871118492232 0.5011636086841538
-18.276111120818683 -64.13335436551004 0.49757381626079794
39.19317652267898 82.73124454876091 0.4963729024838336
13.060973419225832 -47.67894342023817 0.5037524490537564
-13.5392707730676 26.635692343456242 0.6392384211540894
15.220715463979587 -0.09020488077942446 0.31476069292464715
-80.32318236609812 24.653949580633565 0.5002461804201616
-71.91822286587183 -33.423720423296004 0.4996306744160203
64.22378357263372 66.74248117370999 0.5054186060128103
