75.8059900156351 -64.49432519739698 0.4639291980087444
-52.43694561532133 54.91604761056169 0.3963824097183109
32.52740230894585 30.680525712617907 -0.006200745719432077
-1.7180719858964437 -22.911055227260007 -1.3447557121093245
-48.39499454495601 -20.26621793435494 0.1912792269330887
-68.50862252707167 -49.852838092407346 0.4253884935260247
94.65855479469363 74.56632412253498 0.48260639567466923
-31.54972402466423 -80.796159208731 0.443376739598263
-83.2365423539336 -43.253941797259145 0.4498484008419988
73.27232603298256 45.972045962100765 0.44424850564564755
-77.74144307083799 17.2025591269187 0.42165760421563836
-46.35083836827272 41.05470219583708 0.3128368327907284
-96.8360343449176 -73.34344933807012 0.48287665394803125
86.0609471539918 57.93782285521999 0.46390537053577485
51.28957234141794 -29.43121982575103 0.26652897029749245
-18.79976205653533 -67.16819292153951 0.36485847475603833
-78.80076481333225 -28.67864104599647 0.43298360182109263
-11.374078798350624 93.53187453147271 0.4487603541900788
-52.06068144510731 10.226699804118923 0.1645822770821917
-75.1793821772198 -47.397138919027945 0.44470802662148706
-91.68531567399158 -64.71021867250657 0.4761356041601791
-67.01496928971405 -23.7769752560626 0.3863694135819663
36.11686684485818 70.66718643571775 0.41620092754500626
-21.290503279725655 19.427810590982403 -0.9108682443883545
-32.475237579031344 -21.09137419818677 -0.1835224728401893
46.03774288236011 -43.16864836168257 0.30169235371389963
-82.70595346947718 -36.674623986262866 0.4448908206245703
-63.714844214044405 -95.55381940959104 0.47997568386447415
-38.21829126986292 16.661346044070527 -0.09137647875795774
-25.013724773896968 46.28550068839067 0.1837295997138248
36.6393744892701 -59.45383933953896 0.36788958819487017
19.972783852928558 37.86164178485751 -0.01707043570632527
-73.5179966921867 60.31760296145649 0.45599944141445437
83.9195330213156 9.638104118978674 0.4262477817553489
-34.23674012686881 84.91216384044188 0.44533323352492954
95.92954431393179 -37.18240691463413 0.4664985363676642
15.318255991720918 8.620155411501472 -1.8850264080277537
-71.31408864591735 -71.03986802407303 0.4597873324014435
1.1990247624236332 15.972457511923537 -2.607958867805567
47.47851187802459 -16.561019127438684 0.09842569876473056
29.704079403044886 -24.710941094159054 -0.19962462664357394
96.5456069929545 83.63488385840353 0.4858957144005552
-46.59025106043302 13.76753540811248 0.14461027621005235
-76.90849068617246 -92.0218746771351 0.4800188368459942
94.96575868884466 -93.61705818625235 0.4885842660116754
-47.34901074862956 -56.7100644946817 0.4040275193610231
9.287753285292283 51.923280741336015 0.17674357495052945
18.83984464667661 58.200669194976854 0.32179913263374027
-60.864792757874 -42.00328608274284 0.4040449625239484
63.095336705912956 -40.460396211462246 0.39006276274595897
-93.59257439354802 -66.59626819119651 0.4799522323168142
42.493371503259596 -11.127241357713174 -0.08224832309163332
-70.41287903813361 -63.174963472522585 0.4506851096683313
37.42666446923599 -84.03190643417904 0.45082798363692894
69.21765043093572 -44.78322141431137 0.4255571203468149
52.713981041063846 5.025186866278958 0.16776820694303302
20.684024539481726 -81.29984822010047 0.43259711422812147
-13.737067971595863 2.3993393067299564 -2.3291443403931757
27.66105048525654 32.05242799008417 -0.0136460689761565
-85.87832000173789 54.7836619597164 0.4686655489961582
-94.92447151036967 -25.048859081691504 0.4602282037641337
-20.017090991607375 -66.32965667118991 0.3522261315762554
65.47147131600192 -0.591070699039804 0.32931743864414487
-75.5188670427184 26.732317297910186 0.42730248255227465
-69.38173876313421 -43.8335611620664 0.41881406276462607
-45.00134275278764 70.70116475099334 0.43354631636995083
-89.87167707611646 -58.156488450053125 0.4681330300550457
-19.606931008014314 -39.776841108553775 -0.0536933535278723
-7.738878546145827 18.87352886930367 -1.4949113369726361
58.934311669178896 -64.61734998886823 0.436317785391373
-21.31782674235363 72.39158798439729 0.3885497505597981
92.76304369645695 7.50682602936827 0.4556032163191577
39.21549176730326 -37.45014364934167 0.21227670569479584
64.34827260087309 67.78763994243218 0.45248861467180385
66.94504210082471 -15.007597337370228 0.3537530325085112
98.58396007339337 74.17358045577416 0.48313896536802486
7.240661665239429 66.91031289362871 0.36727367790759063
90.68753592683291 47.52460293587862 0.46906877273214886
-96.26928681198021 -32.98998538809745 0.4681362894926132
83.01106763365186 49.6396977443172 0.4569512935937602
-73.48735389440148 -56.94008601853553 0.4561094672777873
61.11742697761332 65.45026230935395 0.45082358941476786
-44.29365938274037 30.85352581859121 0.19279356081879545
-21.735171822104363 -10.534816506792083 -1.2195338305783001
69.51103628522634 -4.5887503993057805 0.36194418685308427
26.290998755158697 -10.939127330892092 -1.0124885197682283
33.13724591189592 -9.524771308520627 -0.5423730028852884
13.24466147699728 -87.92403756645224 0.44532110397226693
54.85245990111818 5.189250453335845 0.25353331306665916
-97.82306511644182 22.286022227389495 0.4594960897726899
49.38378812028924 42.49924111482508 0.33768423269367087
-57.94276791857149 51.74441658663014 0.410483277168492
-23.064145731206125 -23.699066826448643 -0.41414758551266917
11.755775524260997 73.60106435544685 0.39710811624731196
95.42155780170228 35.86270958626298 0.4689706543771809
20.660090438462646 76.34166472450204 0.4101608267702509
93.0027744484718 3.1886521151831175 0.4556542032714276
-75.95099038245931 99.78278431435999 0.482368588711162
0.29305874129074994 94.5286399011647 0.450131972778139
-42.43141699610853 40.66014784066061 0.27994682288452166
-47.05161167415493 27.522479903908945 0.23348322287238588
-67.19886804778142 75.63657901246498 0.46326220255805195
-92.64578575788553 -17.621374307682373 0.44895579897118365
-94.65389320840627 38.77057206677608 0.4692994617675738
-88.2501276918889 -25.82851182815591 0.4503406009990753
59.68231693095635 -75.66802529972583 0.45959223880765254
-30.448776581862887 -86.74625300730865 0.45011633004152046
-44.78817871275387 20.138600994152327 0.1424894384232681
15.672119658450072 67.10686654245384 0.34993893590190694
18.922876363998938 49.90051992446615 0.16245168193392745
-38.2890510023826 -89.95518679305354 0.4563524073046948
-84.29442845232553 -35.531791744248764 0.44452378999469394
19.77545394701403 38.5772445951298 -0.061055572384138945
-76.45722506987597 27.913586012950773 0.4153871118858461
0.2332299352166558 0.7732437841791295 -3.9719172775889913
40.9970084925001 86.53311712631995 0.4612755853332093
23.2772193241681 96.09412936663117 0.4654879864402074
-97.85103359992262 60.84404336090219 0.4790046704798047
-16.426589659871468 -1.2845296152441392 -2.293782906867849
85.35434300343456 -72.99491798995732 0.475727471662665
-34.211119328458835 -93.22775982246337 0.4651180575829147
53.975816149603475 75.29147274456571 0.4564209911623726
-27.83834739149391 71.49160357794472 0.4143658998949986
-92.43778060784177 -38.48500380423066 0.4601295069820911
62.20314461055386 22.550272846902516 0.3283575313360496
-78.41491887620755 52.466671097361 0.4491050569742143
60.32126040680896 17.438510671780236 0.29540767295780734
77.34546047024347 67.6145031155333 0.46742864353675867
-25.461115925475752 41.60355025518544 0.1491090939577963
28.413100192469358 70.39692480246171 0.3960133835538395
49.50643375278841 -56.11192375245524 0.3918584259479144
45.75752685656113 -70.88956411099878 0.4270004238385154
37.35030895765422 29.659551515520008 0.060930105478857355
-31.260139672649373 -15.055758435771764 -0.52545914839695
96.52647313806128 22.469695462401845 0.4656639157455017
-71.32794723964359 36.754744625843614 0.4274052421563324
-60.400059337906995 -82.44102192261843 0.4693888495272918
40.09834289165286 -83.99890425283417 0.4555283937053922
-79.98575077359772 -22.781124288805543 0.43606145182935874
51.01795356679207 -24.070262664615868 0.2152122290791032
24.8930043478764 -33.56603023482667 -0.07538146268951562
80.55589083775965 74.8991777916122 0.4708698147437649
-54.04996782121432 -28.493480633333675 0.3203197431151079
50.52669049033659 -38.31397270794228 0.31353074228346894
-67.99949323379977 -51.4137773983433 0.4293382857098078
-70.27165626147654 67.96267297266786 0.4563146994189476
-30.669647606022593 -17.869680601446333 -0.3516049595044821
-81.10817514479243 28.042432456828635 0.4386109581636296
47.40124557838638 3.9668371310014834 0.04754564408876599
-5.8547126389022 93.02421430043864 0.4546451994748437
-40.63158718720696 -36.05627468834571 0.2199905392645306
-7.138286738043249 -3.109159276652008 -3.059911754192924
87.92318503259523 38.82753576910832 0.46102539173339396
-92.55370415521217 8.212801121561128 0.45628903668622023
36.374994311164244 -43.805638955671796 0.2302017568890518
4.214215388350823 40.00577470286785 -0.18102113649715312
-12.841819960966944 25.640846712620814 -0.9593422742860507
-69.30168241678805 50.657180023467475 0.43896630160585426
46.00494938349979 41.03224389933882 0.32030794391799466
30.497815617017153 -91.0733824831717 0.4612585966775469
42.983631366486804 7.836249934746917 -0.08118182860628465
-29.445289211445044 -41.766645565510174 0.1589411048656857
-4.090476931324076 16.127982417165043 -2.1723250240873018
-43.19514105460278 -84.89292763701583 0.45772046601304894
-79.82703366491116 -74.34274270190129 0.473474618491918
6.769694503364448 34.346174164449025 -0.47141629268833585
33.93724223029068 82.75693191800846 0.45052206747601486
-97.31907052820019 16.335492144600124 0.46464767614903624
29.943775447514525 4.963696553860359 -0.6475700226097605
-32.25211715067773 10.7340401363804 -0.5143209769741122
-96.54391393838849 98.04230906218677 0.4882960432942817
-92.35463016241727 70.12581569457507 0.47640407550008734
23.17859107122669 20.74968068488276 -0.7677376314395863
-1.5502769309516253 -21.146996690721735 -1.6405399078546736
-97.8590527023439 61.22548312413022 0.4781669319050632
75.61945139938925 -90.12667471511789 0.48172224251470097
28.943781036171714 -14.827364630741968 -0.49250002733683207
80.2897337657079 -65.30920409097662 0.46376860670080977
-97.16769400367966 28.408463773461392 0.463798349781953
34.0660334754474 -37.960413762351486 0.14951544484064305
44.46176130648715 70.86242819236244 0.43506037486533294
0.48382920215877334 49.00017941325916 0.1462956169459652
97.88779923171808 15.332467191997438 0.4656900181342157
-0.43846027677952293 -49.08506736944365 0.14333633070171958
-46.347611839409964 21.557292424592973 0.16019178172688542
-59.65780532956892 70.55236748227475 0.45516305311631416
-59.4507218056741 33.3787866927824 0.3635764037324907
-7.653774048312783 -73.06811457321479 0.39924357504254115
-51.0950708386787 17.095096949212135 0.18533314740275753
-51.93081454834609 -47.74629741917691 0.38745809217630744
-44.999995613081765 -80.43893477289343 0.453026965969136
-43.44301235238734 -40.10342968490512 0.26686691882600255
-52.11301658537604 51.363733441114675 0.39170009554890095
11.662584026125899 -91.82570983576967 0.45616580360139963
11.369189853226302 -55.91128678470041 0.23688884002654942
79.17353681315876 -81.89709647350745 0.477102190871626
-76.88796101174489 -72.75130473685198 0.47095464491743216
47.2972106062027 41.24576497512527 0.2952053333380015
-4.74384552688349 -90.27340649497448 0.44559232707012736
-42.689188064582794 -77.84250970769355 0.4433317277465313
73.30301558659156 -44.02926204461548 0.43344608498766757
61.75064725881734 -48.44099936290789 0.40252142117775047
10.23547125619659 20.444221525501277 -1.4035019854890152
1.6307894795647826 -20.98287136234657 -1.5859434232720702
27.002768776988333 -78.39790138636536 0.4337706811744109
-99.21843730396643 98.48513197703318 0.49052221879996044
35.305592184162265 -74.53206110668265 0.4261377715323341
43.71740975790718 79.10085033674261 0.44578625788616205
-99.27959962547577 89.63735085116636 0.4886326128460302
-94.58634486967112 71.41130016304729 0.48046855692099055
81.7913046074971 -98.92095480394087 0.48424568226656195
27.090006307328522 -36.700443204919964 0.07814795487340798
-73.17145194234371 -16.96947652261109 0.38845323862580194
-70.1851504055935 20.541072561132978 0.3904797999525781
19.030509667095984 -32.22760526499748 -0.3549579378284097
8.008519910319606 -14.923669346573249 -1.9834121715917021
-69.68703719735794 -88.1109854289636 0.47560070606102994
12.009434171635363 -9.093510960748546 -2.581968580870461
-96.81189364062493 3.617200940741583 0.45585304952548833
-71.95956448921578 59.4101108688979 0.4537882564693608
-6.822591406384461 -41.50613955993316 -0.036770611259130837
-54.190481610027355 12.871876371425728 0.23645497561283413
-7.632221367757296 -31.538530278043893 -0.5113694508550588
22.640019380985706 83.97593043124101 0.4413671911018032
-30.70877674645378 50.32855525307281 0.2727626738378851
-74.22385752578307 -15.150363943573524 0.3925688936332167
80.86330362917619 83.98319111000234 0.47705809383936043
79.82071777385994 -29.393758640631987 0.42709453335715514
98.08400173845232 4.682121053862971 0.4604532539738406
45.280729209392376 -59.20780424256571 0.3970351945889731
-60.147394088300345 80.58097527147083 0.4595033148463424
-9.04374438259012 -22.505815470146345 -1.2473738225150541
-74.9672242088548 44.143233571923474 0.44112107978962445
-30.619280736425566 54.62946865202892 0.295341539309651
83.60417003642664 -14.779865189215585 0.42587527876559367
43.88739298556115 -84.22030370296463 0.45453709737305975
-19.255282082551872 -33.0998809269732 -0.27046070206606987
78.5788017921503 -34.522389326462516 0.4387472861948289
82.64671249709005 8.115137444543578 0.4351640588590083
13.759436959269024 -94.00091485708626 0.45492454232897833
71.54746494426237 -83.62155974399137 0.47097027492702237
59.18980731489975 44.34295632568188 0.4040347639048221
28.647493232941144 -74.73182226288134 0.4269575381623299
-78.49857822054646 -91.03343103795238 0.48130723704183176
-1.6891203988044623 -69.52306331976175 0.3582804629454929
97.05671616755305 -53.023473396520934 0.4734794031106659
-75.7805536102347 27.11147626311532 0.4260812062004067
-45.059010894100425 -22.687879277938578 0.10478208736227168
-95.74522167143027 -38.01328767730126 0.4656875360062651
86.37448726862408 3.113503244555531 0.4442281840443484
96.70113743956315 59.45752461046072 0.47493468998594485
5.849832087805581 32.8149693152526 -0.4233138691594647
-36.74280510948862 6.03240907129728 -0.34273603398692987
82.70786714029163 -20.435172200041023 0.4286209285934506
-61.37536393247041 95.03963025398173 0.47375032083860397
-35.466992182465944 59.21171717890033 0.3497655153534426
85.69540565333935 58.34174336034778 0.4637689137787876
96.38648194065536 55.45644723223705 0.4770381807321815
29.059590412825827 42.012555507607885 0.15710079360958656
30.36038429969878 94.31890939083985 0.46568709652335816
20.90363088370357 37.59357708036438 -0.0319549960553589
-86.97523633813978 98.9405483484289 0.4852894891794326
45.01358664065032 -86.93571089017746 0.45748373216237137
55.3555521585601 66.01769795982801 0.4428212826984497
58.83688513031194 -51.579485755362484 0.4030997398565199
48.9809754751339 -56.46495212948543 0.3931980096028226
49.03021761775196 -8.290940560623469 0.10725600647176159
-67.91524845048897 -36.14878083261151 0.4164278623559797
26.991045467658864 -64.56460970437053 0.37285883105204554
32.24520641137366 12.280853889826531 -0.541387301461969
-81.56084688553892 2.4278045726202606 0.4148639355985084
-51.99485721524868 -0.5348152970055366 0.20652656248611878
86.53535511073801 -54.48983146334258 0.46933566195744997
-37.02295987573145 20.268536974420414 -0.022289052452504232
78.53710551261537 -54.391231035291575 0.4602171161374618
48.88381133251218 -78.05970641296193 0.4522395588838388
67.26374614222343 95.1256985458678 0.4767819128481279
21.56887754814882 -11.059445489408205 -1.2428770647180418
-24.129207364851197 -65.19227323369385 0.35745134173058557
-97.23648508704972 55.45883327021875 0.4772686475849509
-22.556288997483094 28.635515168011665 -0.2562708649114416
-0.6150643602504715 -91.53862392333905 0.44518228979239
-73.54051755765218 57.49733832671373 0.4534975424140512
22.480910172874744 -30.779350389085906 -0.30397182208637663
22.416083005723337 95.43579186347304 0.4587868014221299
-97.19298597106045 80.89239116409036 0.4844201402882829
13.653230724199489 8.910885697298681 -2.4239669239361397
-72.1740248080813 -17.439135540236904 0.4017265992118033
83.36959391645365 -37.09480316474243 0.4427533321340596
59.846972692495626 -98.65153848306845 0.4783679951990889
-45.81975146099766 -9.51261078982229 0.01877903838903222
16.316513768469562 -0.7507055272872236 -2.4019195048200217
-38.11788417716089 -14.400478423428325 -0.20524188614234917
-33.63553322959531 -59.41791062406017 0.361241398406225
-7.624481962261669 6.96447472044612 -3.0804028572825013
-9.647893531095477 38.7935201876341 -0.1548830478195472
17.799716328894434 34.566716693892886 -0.15691163457689472
-27.69327283551506 55.56456454601698 0.30747271788241026
4.573672140158152 -65.08831202318721 0.33500158128929497
21.07377471421286 18.840922939692078 -1.0447690236497411
-95.89909846835015 73.56937523701478 0.483554204703207
8.591436418936894 -71.52601336158824 0.370701592915802
-72.61686616333716 -29.244705424447588 0.4028590426081252
27.46344266336355 50.697435766920904 0.27551639896300706
-68.89964921376388 -28.652824286733164 0.39552321871310314
53.17702533847458 59.70990061318159 0.42638674719801556
73.92417455854402 56.76639057738507 0.4546684979241876
55.661712989599266 -12.872062017731338 0.2416085743430617
-14.948554757989825 -16.356839666791643 -1.736612206460285
-51.07178148660685 73.2425364084346 0.4495873633572818
82.23134455186641 16.21240131036484 0.4334755465942159
65.02148699469964 59.36776060442074 0.4348176291112471
50.28610401369545 -13.940276701644677 0.20310607880228687
16.735448068857934 60.78043626674335 0.2996952556989684
61.53885843488672 74.40870553641017 0.4581967847108988
70.60038428562405 -4.805090475718927 0.3889985477912195
-0.7976718453720508 -20.574584442789302 -1.486808758195
-21.54148690940707 23.03604131817916 -0.7528834043431205
-72.21313257440663 98.98313446214667 0.48049901653688376
82.36279731440192 -49.11345592721143 0.46146588237309505
-35.68126810555418 -68.78342250667811 0.41346221902542457
86.38645136058258 -78.03457094645609 0.4765303213228859
-63.342722605518766 25.106724767305394 0.3645683643935234
5.686116767133626 53.74345399214474 0.1977026295120788
-8.232269588613988 87.12873008523704 0.4358173674641015
52.26156481199834 -22.10369862561501 0.2213215575924679
-86.13812234225755 35.5651818460621 0.45477054586856863
29.30341187435502 8.59167727592424 -0.6800493318039977
-28.700669212275983 22.13626250129299 -0.2497452368044326
-83.3833342969543 -99.94088492999276 0.48742676056474277
-55.471728360715254 -42.91948374737229 0.37806587442878337
86.14195193430879 -65.70959823265176 0.4753375398210133
45.324597114095326 29.489498997342935 0.2000920083616572
98.81281130719356 -67.9672481557416 0.48002939354798363
58.00751867302645 -49.37670161548109 0.402621788783939
-0.16335306351551537 -21.220442383247445 -1.6466062963686818
-53.19792081717287 -36.53888294535228 0.34938663941346715
54.6226266827978 84.73755250642051 0.46052251606090716
68.20338896951964 -3.067033299222672 0.36137111231937014
-18.36181250613724 87.297794420999 0.44886490684529246
-61.00353601991551 87.73822992891542 0.46759811365157194
53.34869561153499 82.77078100054459 0.463133941050459
69.31296493989117 11.893341292722752 0.38334334313853746
-66.84448819616118 -72.27240667505075 0.46288587004425763
-80.79969369817073 -35.770443863269065 0.43749770200398774
43.05488113180141 75.51805310288253 0.4418119829844578
6.513525235975209 -80.57124494089717 0.42181153776831665
46.6755928045599 -8.339373592881813 0.033883251534780556
27.285762167395305 -82.99853528851997 0.4371436676280982
-80.09312494162819 32.06400002619944 0.44368260539696847
-17.990298114093477 7.47792870007045 -1.9432580755104243
68.54120110520495 37.00097323968464 0.4071995326765587
39.16732662243035 80.70195612215835 0.45078198690404814
52.244397076684265 -12.003223863940036 0.16935588882156888
-88.6577207369826 80.81432122314354 0.48017074460857406
10.167833352094107 -25.094236491505953 -0.8757831115892936
59.11067931321966 -83.23539082982256 0.4693396277504368
-74.52810031287058 54.40726059102346 0.4541197902079257
16.448225545096975 -15.950246835652422 -1.3775892004522579
-33.3022502118157 -2.266454274400914 -0.4276483951582206
-18.452189501847343 9.315320378433995 -1.4936268575487726
-16.689249027920752 68.12269331913697 0.3780742428517403
-23.475056883450264 81.81650758382148 0.4276901253941071
-79.79361375406523 -4.104826438547732 0.42582631662027576
-32.06784853506663 -97.74847758867047 0.46655627051840926
52.2110197361564 -45.4128780588406 0.35097039890504644
36.569954259220225 83.09073894640667 0.4426404881718405
-38.75604438494251 -94.18798315587283 0.4685971833582686
-89.62780308119609 47.5181047567186 0.465701759218379
88.45965557567109 -51.150828255778165 0.46939303740157984
31.19992695501844 -63.290130927507924 0.38768697752619313
62.25447870849192 35.08721514683597 0.3795947356382331
51.9708014275694 89.68209173296165 0.46374944183604355
7.070648264833039 51.333849088338496 0.20543441563269632
1.2038000032653713 -33.76845408036222 -0.4848824053552697
-27.151878318706068 73.08118402162077 0.40615170066069134
-33.31065865495421 -36.82181288337989 0.11115761037759203
19.582078177889755 79.8807915580955 0.42181035593580374
-62.963243387787514 81.55020938997441 0.465611314417254
-15.981629988413133 -25.135548633604586 -0.6240840444817461
-93.59694407855635 -8.573233816492646 0.44897491398256645
79.1051736683234 -30.649053851412788 0.42558710906141456
-93.69068855182773 41.84307783854459 0.46812410738712495
-59.24925700239609 59.55605285597784 0.43113648743042743
-85.96677902443794 21.848385476631663 0.44213526137882825
38.02952042599881 -20.259413360904105 -0.03834258793850975
69.67897724688018 -49.80036988378529 0.4357702260087921
-51.19784975863632 14.84670691385908 0.1618813442049553
-31.659600215878655 -84.68074366589337 0.4455198854246956
-78.31710045385394 -81.97377399454606 0.4743305331061757
49.85349879409 -7.91243607125665 0.10631871796589581
96.83153923315572 2.947368109890334 0.4558722296070873
-78.22367793068648 -13.879402531991715 0.41805142692114033
-42.16050282700303 46.54653557564822 0.29548738667427044
33.13302578832901 -25.744479094894302 -0.049942556402215454
-71.90879486758537 42.945882552374115 0.43409733946623263
-70.06822536834727 -60.821100481344814 0.45655411481300723
8.702347012949446 -37.650555659298846 -0.19878023508810394
-5.906029397004602 83.41962168549011 0.4352891025850918
27.28808296919678 -72.0786383683224 0.4167329842303422
-71.78716723363145 29.181333415377992 0.4134058080428227
-38.14475489465352 53.20624599070163 0.3294730508878415
-28.291191331012968 16.40072992030798 -0.45258629127427563
90.91450155137261 15.66660085199689 0.4539213458143855
-4.1229663289438605 -60.22889055412462 0.2865231535042575
-87.59557888996187 15.483998047244157 0.44584394941715355
-66.97049072269081 -22.79053783073215 0.38896576694365953
-71.18738748944241 -81.33923349958647 0.4746152417085266
39.89857404985264 49.76024853976068 0.33104766489384585
-97.79272708020245 -80.87421121591481 0.48596235793284914
-4.860270453868964 -38.839724060625834 -0.12636564020884866
91.02046860227236 84.38643090091139 0.4851356624327547
-90.17345826527307 -33.43856173875217 0.460771708206717
62.977572861577414 -25.37791132914873 0.3690886455687707
-73.1186491344674 -0.8941896248918226 0.39032752256397313
67.78704828445564 8.775602047103263 0.3594124065199985
34.04037894550774 -78.34508576342316 0.4319636009702223
22.23155686270522 59.34065147669159 0.3116259841426017
69.52618471568184 5.3298648724959605 0.3641996782187319
-85.3889053430694 -22.131026131191646 0.4359218673901809
69.35505285682697 -83.0539464158033 0.47503069907652407
10.815154704674157 -74.12039877131393 0.3907146846045234
-98.39119181270839 -70.53666417814443 0.4836306690311478
8.01972979942029 -58.804539610158656 0.2609948890264424
47.19092355171779 -30.364202273734335 0.2197655111687688
-70.24097429805845 -3.6088656615443853 0.3835275267330255
63.95542430178898 81.29500328681206 0.4638677479482612
66.62097927944927 6.456204477497266 0.3558391537037487
-33.21746972957162 -8.776947699798555 -0.5433734905856931
47.33848557872906 34.30445427904016 0.28928437339199947
67.06146374659977 76.91610011493731 0.4692690369364687
-34.32602512115153 -74.438164263318 0.4174627532868586
-24.58193395182215 77.60624723723132 0.4153144620871806
-40.786200037584706 37.67699093772143 0.24381366644830554
-90.52115339640176 -53.358915471747316 0.472223945087123
-94.32077265616306 -0.9454857597063722 0.44901853983325624
91.15894077295076 -63.98933644564813 0.47761320610233626
-6.336189043587524 -41.284996763214245 -0.07875103836038744
44.284369073020486 85.28433429368934 0.46109393093945117
64.74547902898328 -87.75058100876454 0.47363606678488246
96.66326791947318 -91.47789743758663 0.48807686991106014
-44.111570300633794 8.937651223015223 0.03370314126900703
-28.302819915168982 -57.150137918209374 0.33076583282838123
-75.00929560067536 17.442626704971516 0.41668919417224104
77.9051175209431 19.929749263755767 0.42664699605776935
-90.54492812905018 19.005916299525012 0.45595594631218156
-59.90029229032241 -7.846597235265932 0.2889139340355944
26.184562953951485 -49.61470348662953 0.22022002887308395
-78.45193144161917 -95.26680478400182 0.4833105265449444
-88.63540838310664 -79.85507695067795 0.4784788134030009
68.18020390884664 42.23057744748954 0.4274382029081769
80.32678902472529 -83.94332372336223 0.47622909236739686
-57.50586627674943 80.25588062690949 0.46492897677068457
-33.56117600058985 -30.047620974231222 0.03845598146857143
-21.967660603450923 11.595861362979363 -1.3803958223205062
-31.499557034787216 18.74729796108238 -0.2744238735239294
9.794875554638068 -29.0581585583858 -0.704310485680512
33.15198278955813 43.591267456955705 0.2471270307291587
-70.96718171435946 -20.349652280330545 0.4038653218355886
16.692180250133077 86.76400446581613 0.4373991181941079
4.31489844879485 87.94515325675886 0.43483523873678864
-4.52236873547416 72.71508522255806 0.382328401848124
99.7960243951907 -30.452932674660843 0.4673170714171251
38.300715443161295 -54.451590244182 0.34132247415731554
-58.8952352572768 64.6350253624855 0.43643563678051017
32.48863956463407 -17.82700158732804 -0.3242222675415687
-92.00394663686157 -88.92761022695532 0.4852999990818825
58.53855506297728 -17.916558155993158 0.322469328781249
21.348902136922902 -65.05374911314779 0.3566988373676213
-8.11892051521987 15.34895573973067 -1.8656604363816642
22.451019875089955 -74.60850327402557 0.40686064999471283
-40.84829498453972 -83.42874869752859 0.4563663379642473
61.91381917169866 76.85205728996266 0.4646982309282513
70.79271657719889 -9.272165140716055 0.3809487084350231
-13.344809446498672 -39.51594262657776 -0.08864997944166586
53.216232689897566 -68.6189578375155 0.4426479670334114
-9.979792062105446 -23.90763456333535 -1.1152764795446029
86.14419850462627 -37.0056621807193 0.4501582567288601
47.69838445311996 38.45917867174211 0.3230258890288832
5.16665280046999 80.96939556226607 0.4177506319827468
95.0740010809321 -99.34282661673505 0.48849003530872087
16.006658392727616 42.66937131175453 0.07744907311570376
-46.19691944857054 -37.95979373499896 0.26162043704485105
80.93486881332223 -84.13886942831444 0.4777436975839794
-1.0037628000145276 27.254552169294158 -0.9110095713733679
-22.067615032563268 -13.290901418792501 -1.1817804740519178
-63.10517574006016 10.498819841094303 0.3390553144600088
-42.1413093761994 22.205843501247543 0.05441370623444436
9.701266332560394 -42.17742014456396 -0.055033575739336205
-80.86739050110043 -72.11276778956812 0.47534721300136296
20.488656733436898 -20.126469286007804 -0.9455657810508751
-69.2787198953983 62.51475145486336 0.45379297004809865
67.07471156916068 24.130655193289414 0.38328358188778194
-7.751312365764093 -52.32536201144982 0.16994220584060687
-70.79567893534656 -2.5364453265859623 0.38890928287027016
-47.10297381493316 -70.79222569773624 0.42681282670856224
-7.906394567979078 -31.39432231606662 -0.5322786476481591
59.93640116527152 -37.71758027586678 0.3889721334303259
18.89459220801413 -45.328648636404424 0.14242526466415706
68.46809068930551 33.140389406052975 0.39977166888586346
12.357927251983497 81.55091539578916 0.426345943280821
32.30173118636304 50.659613700783524 0.27155479510281133
-91.26383981267865 -6.2717036859637005 0.44454344037626226
-61.917940466383705 -59.64604640843749 0.44083359173891834
20.243313626958 -93.00373826190649 0.45697344118249433
-52.641180960133084 -79.68830953739726 0.4600278320302296
-60.49497380267812 75.11018754714456 0.45908708459589165
-34.134434609229785 82.83465855911828 0.4508700333093041
-43.385568916551165 40.76935829688736 0.2590467279495196
-86.81507872566563 99.40737302096642 0.485264718617789
-84.9468027421888 -68.53007283405927 0.47317017811779477
-39.41696819584322 -55.28629328173267 0.3690824599713307
-63.73871540644209 37.93578174705959 0.402650461689514
19.84254690864431 97.7783706509 0.4622838545625211
15.101394720808116 68.41814171100322 0.37575078212635044
-77.29346618034157 89.48351300090638 0.4813906541006661
-84.0289853792832 58.03680789236509 0.4693745471481547
1.4610334888647287 -12.762345648495995 -3.1279022658923967
-12.95474904067322 -23.712339332507028 -0.8687707826558833
64.4994805191213 87.64997569311925 0.47465164242807745
55.88943097798543 -62.81287133311271 0.43026883609532507
46.75496891272661 26.878093335975933 0.18902501001768263
-8.187248431478025 55.59321157170743 0.21776792848342097
46.53549182914409 -84.34936176606664 0.45984781924764606
99.30303178370434 -22.488177495466076 0.46843270242422674
23.47664000768428 97.34078428174612 0.46011743982261366
-68.70346958785007 -78.09518270839155 0.4650113770450414
-46.83122307177883 53.09567600411896 0.3889988324466273
4.619571911172187 47.43262795363168 0.05688264003555826
70.1509543827982 57.872772177746924 0.442131817389841
34.54316573916665 -0.8546383217271796 -0.538750082765062
93.30238767432567 -68.34600654057033 0.477270707407379
12.305183096187818 -4.923343715335932 -2.826350663078491
-31.422738040754993 84.72140866868085 0.44595015486694667
90.51309372788208 9.229629360722157 0.4420899043925491
96.20468594384258 -92.22055918199831 0.4884588422566587
20.230900646295424 -20.40233226337446 -0.9416717007178539
-90.15007796835269 -13.503319164763838 0.4423345956618763
-2.7451496196704284 -77.19177944914115 0.41608840375363343
46.708993731842554 36.698658294336724 0.26014476667897213
-59.13055931531925 80.92626558262825 0.4597508337601615
-56.71207143719883 32.58143866032441 0.33090542632681885
-49.0248341068922 66.47225869608155 0.428529118711398
32.48194151812987 -46.9415685588354 0.2386496109469846
48.69728561441943 -27.298937907171478 0.2307118725061557
-13.080811488402276 -17.360243712121616 -1.7768317418923534
-87.37927030085528 -8.063683340893803 0.4345395647125798
78.97133071707023 -0.3928216028882048 0.40787775320629255
57.79908762215072 -14.029533605490371 0.259324818319691
-82.94053828233343 38.17232905940122 0.44307722010494355
52.47591624696642 -26.30729267210745 0.2823615174662985
66.19483531295336 49.92356125670213 0.4336726133794706
5.719295789094673 22.214111542290425 -1.3636378190232101
-13.809345133047827 86.26210559679163 0.4372246957558351
-47.729107306676944 -87.90159278559153 0.4606614549551056
-40.955884124960406 -45.564792025012224 0.32297711673090046
-75.41530995867342 93.13194506752069 0.47963520115571423
-78.9393562147327 98.07502056996105 0.4825785582472831
-16.52755237381514 91.61099864670479 0.45546175132517047
-62.40603784276468 1.1275843752580101 0.29819635014409285
-25.246510170406793 -52.81982340462199 0.2873009905706475
90.87951580520601 -48.775111764280446 0.4649806157263448
37.36605820353941 -77.69075574615935 0.44326873796931227
50.341222423590835 79.80979173962928 0.4491526033029929
-19.116199949423972 -28.222784826664096 -0.5258438184914778
91.46551779140904 -13.141610384945366 0.45524259686350876
-77.9725612672026 16.313517774344263 0.42237046565535796
31.658542320916837 -32.16769331942541 0.04832392386204304
-74.88061762394818 -3.5732275122081916 0.38991111727546257
31.389272608007616 -27.54540846816373 -0.07984795411141721
-22.45912629799554 2.1574585887589706 -1.5671812067831978
93.87498738314093 -70.76319797606234 0.4815057073595305
22.12327865658459 66.06558518911572 0.3622392534095945
98.52065228831674 81.48183037206735 0.4855974549175471
6.844217244274802 -76.87632634666551 0.4164411827941023
-29.199836272259816 -74.30348652821354 0.42506933449877127
-42.68444621345206 36.25609693980451 0.2234608223497197
49.39535849262779 35.43398744234733 0.3092447795974528
-30.192894957505786 -61.36199062003988 0.3585629297597529
53.80852944028308 14.240388103199052 0.23810721048905287
-80.89706580473523 -40.647001970668526 0.44434162632510155
89.67185318901335 61.78609947806393 0.4743557069519947
27.582516045245214 -37.28092943309738 0.04297742285506789
-59.08811246653634 8.908688032822212 0.2608792594421338
-69.85356008965944 2.8477152981530622 0.3705045016425632
-73.24479512412643 62.94990644727804 0.45804336427263054
-50.20210162248462 86.45650731135598 0.46094478499140606
-65.8532912583492 59.37782508245749 0.4416924829395282
-2.6707949007676888 21.2001083732507 -1.6960183169595018
12.931994605556866 43.94284955098121 0.07675186813663953
-44.439505874682595 -68.87769173239597 0.4174387650770196
-89.10595921088105 14.18424390613771 0.4472517489228252
39.7529611592532 -67.09699200210443 0.4057759883020297
-3.1378221136208992 -63.25950196912324 0.3102593295905267
-90.9699336678678 29.272139440750806 0.4604184197551765
28.178094006559576 40.682459607867315 0.1210537786446435
-95.10537024938046 -19.957045455021955 0.45456328272787994
-93.71557239581809 1.2195068864457852 0.45038661922688994
96.06309578379094 -84.88491923322556 0.4846342149346169
48.671190033600595 -71.13396159016523 0.443129270824609
52.08865680986682 -14.22116004443022 0.19393203675102377
91.00124630055578 53.483905643977664 0.47223122208246865
36.183228427561716 -96.06115444383587 0.46790865876635807
53.92353901606808 -55.56878033766475 0.41419782285159507
48.520177905129515 -84.30969898949088 0.4544413577028699
-75.86746114786249 -3.0690555428638078 0.39636445969320244
99.9358518419117 -97.90435048707351 0.4905249097145895
13.305109593142262 -66.25491865768431 0.37088423332698556
66.42178690435742 40.61964057766605 0.4077090570887019
-34.723579517482534 -78.71591672213202 0.4415845217910242
-21.259813933041457 52.7356655650442 0.2261878583686971
-13.092728751255109 6.862945206182587 -2.437567373343506
-15.717344748251307 -28.541915953405734 -0.4773093851050081
89.09068665639202 27.51163030172259 0.4543861150997878
74.45099941262842 73.93624956102224 0.4715921583057856
6.866742836446932 -75.3919135180746 0.3916431580291765
62.415534467632995 -32.542529993954886 0.38479136050988016
80.61130984853378 -9.19193122285391 0.41775522698935363
-68.48959542753286 -24.69992779536385 0.38095780169871
0.45257380501233513 -10.896588897741808 -2.7012109835857916
-19.93821481867289 6.147959472014165 -1.5312277334079756
70.53389388390394 76.02583933937626 0.46382321086411066
-13.193879291911799 -89.77665888823365 0.4428554346256959
-76.85967248296213 45.09952264357713 0.4478786657875873
-26.978718354440105 -16.01293678845832 -0.7694351981532503
-21.475259089299342 -0.9321542076468461 -1.733238541766267
-90.94872321940302 51.74028633428145 0.469703196626776
20.696355826584863 -51.18561797646846 0.2526611405214284
68.93328537108363 -56.86661066434626 0.45009133673103807
-25.0287699921508 31.813973336012424 -0.200215557607888
96.85040994911574 -5.865965409643962 0.45505324148311294
-22.861700907889286 6.4506357508433325 -1.149638153087776
61.05350867384837 -57.8419953445938 0.429964621739956
-85.27485526229823 -39.353689763550356 0.44924560589985585
25.257048496730874 -38.229907544351335 0.07639262275538744
17.604093745625377 48.154710198121705 0.17448846556920705
17.472299019316793 2.5493678761013 -1.9039166929882305
19.260645317254927 73.90071729354577 0.40748860235447437
-74.49428907629036 -6.608828240699609 0.39255359971611514
-81.91822051349386 13.36465485212588 0.4347415062317216
-12.692616560340085 -49.994665809600434 0.1967179827002895
7.433715152752214 -83.51436557570065 0.43313044025508607
-25.13346809107651 -87.6279985811516 0.44235322925825266
0.8681943250141302 10.355233658503707 -3.0210640495611694
-88.4821189434227 -70.4418942617866 0.4737112903665012
98.4911173764381 6.775898226007797 0.4648892279320852
17.010586992126605 -99.92244646249624 0.4649378713734394
53.58771121764278 3.422717399080284 0.17386133536905896
-68.17522761043332 92.64184921139312 0.47964988995255226
-60.76339756529685 -53.692508640583725 0.4183323989403721
-8.331498873773512 -75.8549204069072 0.4060558050912191
42.76714186729356 -64.80033004576791 0.4111747319343165
67.55871338488112 20.709388176333164 0.3886149702729898
90.67901343468432 -47.985509801749714 0.468212623113448
-31.20254573138459 70.0492304785736 0.41384125983307596
5.623451267409621 -75.47403390484335 0.39128680391740334
-52.82318164046058 16.306896851512647 0.2513968155643834
-86.07919911771171 39.280670658373964 0.4508454602050949
70.65052519367597 81.1658589784158 0.4716132034993515
97.84125675575837 0.5702768028642566 0.4569918979109558
52.25318303784448 8.307680548012584 0.1694152277679123
-61.660188507757766 21.884799127196786 0.3303392110548924
79.09439525110707 7.742539708166646 0.41863370653124315
50.243717643916455 -14.635689054543377 0.19763815065235435
-54.553429391813644 11.961338342659573 0.22973705980611492
-16.213475098666947 59.692794966944405 0.31479436543664485
-74.39194322388305 -86.51952689589814 0.4781962756324542
63.834495144311376 52.862105867777075 0.43327993210595783
78.82575770633201 68.97314654640599 0.47047202012325684
-90.08301388551463 91.33880358970669 0.4843976827635042
-68.27358954684857 -92.98472125634261 0.4784813173751349
-91.33604688884202 -65.3856991681387 0.4756469224458633
-20.602669523175976 -42.29863245311265 0.01639272855588869
43.437144904050996 66.92094991870954 0.42434424603022836
-78.42367446207973 -20.64802455952868 0.4182128600857506
-15.85697154946864 -0.501601294030209 -2.675746490525607
-81.93674617072209 -61.10133766050221 0.4693835244845024
-1.297073776738216 -64.1210068093375 0.34431285091189345
-2.204352670215087 68.75815031663913 0.350888356302195
-81.37799552394742 -28.125640881971208 0.4423167403921369
80.04276894174549 59.34629115028699 0.4631725720367988
76.66410906146902 -74.94225660605294 0.4689149275956272
97.42867137651302 55.911529680436956 0.4756289212673161
39.250470681243996 85.8348695564222 0.4492556307147885
95.71605496330898 53.11140971129433 0.4716562018718204
6.832856676450234 -68.457098340026 0.35084680953657055
39.03097040156655 -45.98638746930763 0.2835767431573591
79.35021907452858 21.911827802853338 0.4231969006447303
82.20455208226406 -57.37477855124051 0.4596898096455054
70.26227884800505 -60.86081367437988 0.45614770234808666
60.929853147447886 74.04821722783385 0.461465879947055
-47.44779800090724 93.58379949467044 0.47158487254658593
-70.00847198220617 -17.21403658924288 0.37050720149413374
-44.352459749115944 84.53445651738895 0.4597066282085711
-98.75463370607518 -66.77219636143067 0.4785146071454091
-17.52416384141779 99.77033644024175 0.4643678049251051
38.130014631329516 18.682355517348952 -0.00944895957297176
-97.25845172199695 42.63249677043851 0.4690791115680338
-26.294597309929785 -86.67106058645233 0.4440293438931505
-31.662110105992653 18.48006727144687 -0.27490377199866056
-21.036943269732106 92.60582119622174 0.4544899630042405
39.133506178959664 58.8983174637458 0.38888356592823875
21.63543766511215 40.51264335318132 0.07241268210878615
-42.99490012813543 -30.440786237057765 0.18016180478310156
-52.269455374466254 83.48335990779773 0.46332641399514063
48.146783217079445 -70.42097740678483 0.43017691742594927
6.318246254165686 50.681318204198334 0.15616166453405128
42.19858166694698 25.41985066630299 0.1346855939118815
-46.35823621895343 46.99786432192025 0.3258841153227211
42.665015767834774 -56.21053474682283 0.38775916174743386
-42.39346352612965 -54.344970312032245 0.3498868968425717
39.050502360041094 7.424953336120325 -0.13295109143354567
4.931202981354716 0.939082210273881 -3.3929120386445506
6.039638996690442 -52.26542872247879 0.18367030331788237
40.975918698085536 60.50085960227344 0.388747539665183
-77.49081771077738 6.7714728102129556 0.40884157008405875
97.85851376090079 82.78205035787167 0.48468002098383706
23.422969239746124 -86.46274615600137 0.45086081510470205
-79.61950902243112 -63.69141084969443 0.4690454457755165
54.00947954853444 28.918013079180582 0.32295854443169225
55.90921035124114 -35.63094952043106 0.33173001346282416
82.6748342571909 -45.33499584176286 0.4489028587598493
93.94929758982104 -23.759663415110026 0.45568397671271155
-57.52494592671415 8.366454150015798 0.29140718182844005
88.01140144070979 -34.17585803509155 0.4494071351295828
76.13068858552398 -59.4644579442809 0.45786530737477205
-10.9439961048503 -50.01565057577051 0.16798660528864318
42.85021669637911 -18.28921892066677 0.02838503196411818
-91.48719138947455 29.491985174709356 0.46099229082333965
-30.321718481564176 92.4754899746165 0.4544422499355359
20.650553388842212 2.2783513187906124 -1.510725948699879
-97.84405799949727 20.557089549169177 0.4609126607167164
-10.808792925893073 87.31279551119076 0.43455248026839755
75.06441526285525 1.6520307878395357 0.3886927922626224
79.60636903697426 62.89025482307818 0.4657557688807023
4.987387462133569 9.097740365907072 -3.0358520363340826
28.160345670000595 16.000160836855798 -0.5282940205393014
-2.1254507143418664 49.685028020525834 0.10704439442240987
-12.38244499731671 -51.089477783841495 0.18602386748109595
-1.9404998691549622 -34.526894017602956 -0.5368275538078968
68.81304238506098 48.832413696115594 0.42696102512440465
-41.290676809878924 72.61544533617499 0.435938972724867
-44.493841471871235 -52.44889032773561 0.3510509388284486
-84.99759257595503 29.085667097778128 0.45031472312501036
25.861273969148144 -80.55834677042614 0.4255663186927499
-27.578878411137154 -17.752235044867632 -0.43649081765980136
69.13643672747435 -84.41508202156862 0.47332309413128415
98.59911951022698 -17.705602611826563 0.4599322157670499
-24.51429261404084 54.96105262041874 0.2762862997333687
47.0013808241099 -42.692822742627826 0.31754589727389293
23.256159128243354 37.33211848145049 -0.08061870190133347
-94.29221967913801 -44.54256253717046 0.4668772567555648
-90.28149135835339 -13.51410276264788 0.4429752156450829
10.195805359133601 15.009713172941531 -2.0924713510371507
77.717105728636 1.8197462049002837 0.409610623032491
-41.00532088248949 25.92877347655609 0.14153779683570045
21.438817218067058 -69.7736955260968 0.38640199082037874
-9.799973615077889 -78.99311422260872 0.42121410043678476
98.5988376957028 5.616158801606488 0.4650613082016111
19.570408137552846 -65.3415979530326 0.3628859413489805
-55.264749270401616 -7.938837637490209 0.23049185065696315
82.40288984785218 -17.493436260231363 0.4283554715105295
-23.624836310576967 -77.08569209712775 0.42459735533190057
-44.14881780987212 85.91488475246672 0.45792250865857004
31.17217232654005 -91.77726993973079 0.45556994845620785
-68.71538789356116 76.29412521612835 0.4677545241637753
-45.64883839238705 -38.466347234951904 0.2599086216815508
-37.75221742072938 32.05958968868711 0.11856212566474017
-35.47190300047471 -11.618706800058007 -0.3497923590290627
36.31338791736064 63.52006345972873 0.3915934079908347
-47.92350003177162 55.83194395501715 0.4012958555316133
-74.72847898623296 40.12281352890085 0.425534232126532
52.900033883808135 18.423567592489604 0.22301345738295475
13.561334753347353 -52.12663003475242 0.18413035515103154
-16.267465998918553 84.33486808172793 0.4396714496748697
41.229922926627296 6.7275884885622474 -0.077645969383495
-53.59396603336959 -0.07153355780444315 0.16885567945500585
99.47685976881286 -90.67935040632777 0.48691278632119456
75.4597919998833 26.379195308231047 0.4262152027073316
-8.568396107298156 -90.34773074235756 0.442789058984277
-4.463010960179716 97.25328746279786 0.45446929014590665
92.60939868368357 -16.310007643381937 0.44884897236335686
12.089787601990736 -77.34999303138754 0.40283472956412136
-90.08088784077344 -67.71102257268306 0.47418870069408775
99.41575013297864 -67.3842603591917 0.48081058993526765
-38.197928844779085 -0.875172545344526 -0.28710742173312953
71.95887444149255 -83.90350567717397 0.47309405413974265
47.280922540824065 -94.63926316341882 0.4712571047478512
50.72059566773552 54.67049719193972 0.3963524795386333
82.89260676649789 95.16820237481184 0.48348398022150424
-94.54107535490704 -61.30529136638143 0.47422945885527035
-93.28974184444931 -41.62950757159549 0.4693916726515776
50.95575243850996 -91.28088943955407 0.468951836806766
42.738522569976084 51.02896597342064 0.340914653711218
-11.593777628855989 -15.489073169577011 -2.026426233188155
-1.8158308397333087 68.73828726962174 0.35125853812818963
67.77852913060786 -88.67929780308195 0.4778714855101112
-46.617799607253964 -78.95450537905285 0.4469300189962428
43.323767027117924 3.528305959569124 -0.06983418635367644
95.27608412900085 87.65750762947837 0.48534332672355185
-94.31779865256385 33.11903381358883 0.4610130933429878
80.18122061790126 3.73362272980296 0.4273509024517368
-9.200681336275679 8.763696939023632 -3.1920513716518206
27.14612022183222 -0.7045866345070522 -0.8882479954487654
-80.74363056077033 -64.82912083423031 0.4637243985303281
-57.33197043046447 -93.87695267397159 0.4708744721868855
68.23215962339941 -17.443721890488533 0.38553966441426557
-66.5662975152315 89.97630444067553 0.4773232150100607
-2.044153964035857 33.08099070216505 -0.4138771236851957
-40.54347472311057 -72.61114869706735 0.4360434915064999
-84.62807928524441 -43.309920709494506 0.4556686515529055
14.400523447852166 -79.59948918124546 0.4209962272422192
99.03622489498349 -49.36974289790843 0.4738881043837911
56.09599463910823 54.481730910710695 0.40344377140533333
-40.02351146874879 88.21936092727915 0.4558883756078417
56.32031252029927 49.79097701994007 0.38809175166925536
-43.325078469409696 7.751922212363922 -0.07947386515861732
-86.54846494831992 40.31793301816353 0.4598271440744231
-72.26664448248542 -75.18326920563928 0.4668746036508963
96.66630000066303 -2.07247253087462 0.4571955752629112
3.7477950262691593 -1.1953284580674648 -3.857291948583657
1.9421671328492067 -10.027332659513462 -3.1870929216981447
-85.33716851189494 75.25058952817685 0.4763172607791254
97.02824981915458 -22.096065828948767 0.4640345057389744
67.47282076566509 84.1913095412691 0.47356727243375485
77.77344683507462 -60.531042159868775 0.4637795428316691
-72.40342263332718 92.75068379801351 0.4817539318322031
-94.93482151398696 42.851730771460865 0.4659372886873977
-83.29012616940884 35.87204412569429 0.44318500097288727
-9.761780256260138 -61.91406227624816 0.2951226019031008
-30.255754092593406 72.62324537601523 0.40361326140207887
-54.8836411633522 -5.900056772469227 0.25281631766034046
-12.144130978102922 -70.05533344988255 0.3864869220090694
62.41032592894203 -23.014180454340277 0.3392226011251388
-22.4471992451938 66.85115824193176 0.38710901798905567
30.922972142574935 -81.9310992384564 0.43541021782075207
1.1820883961488846 -40.204328723183224 -0.18050167086090496
-41.27250210637585 -61.26058125799976 0.4040019940344869
80.90445419797737 -28.587503052392066 0.43841612432673727
-33.98170153704345 -61.083367399993584 0.3700798594783422
34.789398232689194 -38.085077130509816 0.1968248497990392
-51.859185798308104 -74.09236589669828 0.4452108804239646
-56.527858599289814 81.86676643339135 0.4641925677767669
-27.27989613439739 0.47459354707169155 -0.9133371035050126
53.0797226588752 11.229045533296045 0.21461707458391782
-47.789015432359385 65.69375985345187 0.4166222880997644
41.16344031642342 62.25752457041682 0.39524176638852726
-60.46465235124341 82.31044626774857 0.4693808417274723
-58.83874177279183 97.05023297213404 0.4748219325707488
-15.944491740387747 70.31971163872873 0.370484927657608
-11.761021589922848 -17.231204250582493 -1.5306479539670015
23.833594252879763 90.1312959035902 0.45448456665849885
-31.583351860881706 -94.99035598983485 0.4602487132181657
70.93966812666761 68.36957851702871 0.46354527380312377
-5.365155453184329 84.3287328004651 0.4260689730722272
-25.41017054734928 -73.95230414928486 0.4034648588161559
20.67357767834774 -32.288868501870965 -0.2609490960646208
56.300643087426096 82.46852341235825 0.46171800978136196
-78.75029339065279 22.854763130349752 0.41783232665456616
-55.29799998458878 18.678451790180645 0.29092005519804454
-16.318589211672617 73.88888925474734 0.3910582075249606
12.58328694644868 62.04998613665654 0.3092204798502774
39.79959926208457 -62.32712114766616 0.4040461517971134
-15.683462827502751 45.4331660165536 0.1031970755568537
4.9718428598926465 21.430355909766433 -1.7704302814548534
86.87263135667152 9.91890773907673 0.43649222640181307
-95.10218890051698 -23.858875512144166 0.458951430778648
-53.079070593969455 65.29582698344288 0.42940782103195596
52.769559879410735 -67.76689882903037 0.43966963941636455
11.57538441125729 60.86078822458771 0.3117656046185173
96.75888948022623 34.92579239584214 0.4665872618571043
-77.43446814829362 -63.61410683667241 0.45979427544156953
58.838022742811376 95.38453540424734 0.47678271048781173
1.1228980957759518 87.92008563645172 0.43443065544164416
-44.06625723819817 94.33135722196596 0.46565016139593735
53.58268340685913 30.540425026361305 0.31965021953768014
22.036228515470782 83.6607981269006 0.444236415067168
54.83688593877736 68.10766158935161 0.4364664116936697
-31.048566151757328 -81.51504043784044 0.4386226144616793
-31.99625705579676 -98.71028155551546 0.46395553464761086
-60.23775199233001 45.381306968997706 0.3882280215459094
90.80039259424913 26.70611061101782 0.4510954364095652
5.194275916248785 -6.28747501828046 -3.0941938459030998
-85.55159719372352 83.7715247264749 0.4792582972542285
-2.8123043828729237 66.44093100051197 0.3385428343020187
-50.603719987656845 25.746706664046258 0.22258841760083525
-6.583018594821112 89.35086847128065 0.4508705662777796
-38.293506792646184 -44.253085619552124 0.28788275949705605
-32.339749275646625 26.8320939974344 -0.04177163642555126
78.02042682976395 -54.9450277285936 0.4594035839485816
-29.69238993274371 -47.261039065371115 0.23126964191001687
-49.44159171268021 -77.3257299988258 0.4480923929472041
-41.9413062158775 81.78432355123806 0.4498100251987744
45.01341516066182 46.95272395211376 0.3407121628378648
95.19272412100017 -54.75818644290176 0.47079559237059576
45.89442507500553 -75.7419039455117 0.44010198958951424
-69.11262132583474 49.12621475364051 0.4254696606570241
-47.71683616982332 -12.011619720268513 0.13783313633587935
33.52418213314573 -97.50192738598543 0.46517754923260596
-4.586775402958892 -70.54989129687577 0.388822151662884
-40.486881043242384 -47.97436993850162 0.2953038152206932
99.59021146444502 66.33935187835664 0.47902396658094865
33.20310271006949 -32.676282693506494 0.028673952190091112
-68.39693731587013 75.29650846596547 0.4678787314969197
99.94951669753519 -39.060592379107774 0.4695300032076867
44.3786074642604 81.24771802104826 0.45622362710114467
-73.19344157044614 -11.285616281571336 0.4036303978031489
38.422773618170936 23.609014402330473 0.044252911108099646
1.4095851815784783 96.89105390530614 0.4557188639317255
33.818360026936716 -44.75663476896552 0.22033182722042943
41.06098697298421 0.9996005628971574 -0.18517190757657964
-49.80827054868631 -38.52921813232011 0.297981919709602
-70.70458535016408 -69.6648140394882 0.46530099356371624
-76.3204604904752 50.87810472460188 0.44736672242258657
-38.462446236585926 82.18069169913 0.4428833534474767
55.2688393669431 -27.931975641270498 0.31259201874689646
-50.9222016817745 -88.54701639149663 0.46938773751106727
20.934077809209924 49.59018026012319 0.18181059167175956
-1.8442868143675923 7.459848778779303 -3.0917518278687846
70.38400087512059 -51.71455303798342 0.4374299198495724
34.46399033206606 -23.38579831658187 -0.09863721194569175
-29.218948557103346 -48.801075236663635 0.22714404149341388
19.227369861756088 72.0761138798442 0.39595452077262117
66.64204626249537 -62.02106423120497 0.442092617943086
-63.77642608455605 55.26751884260693 0.42685439620781385
-63.72294332880497 71.88235042638937 0.4612109078821391
53.74827633531288 72.32087256985423 0.4483855568449845
31.207680155340597 85.37670181009292 0.44220940164737843
-78.82353930897628 -63.3368702409703 0.4627455520132304
-35.38409805774023 39.26497331127911 0.17164122383584152
78.34526187938314 -16.660838240704663 0.42725700863076066
-53.8105308429748 -6.897649248317947 0.2143255329851652
-14.719088596802422 3.237814420975667 -2.5854542936704195
67.76975239169568 0.48064445930945965 0.3705059588500992
26.0873423811923 -97.29395583734531 0.46007460829187996
-11.665573994321662 75.04091060011598 0.39666817214588485
-92.1070858927746 -22.483094505070127 0.4527524318669071
-69.30336432232647 -53.27228748390232 0.43672188036059556
-64.42189221280807 -35.92985026200725 0.40349036997948035
-71.48666429756932 2.7191024398431978 0.37797685656995395
-22.944558193656576 91.96253067091672 0.45243313915385064
-95.17695251109276 23.35116774400636 0.458453982947182
94.68740533824186 -5.9418802277267275 0.4534411224236204
27.2682621330935 33.51710281216097 -0.048866317892467315
69.94529146249647 -94.71999673504972 0.48187784540334344
-37.538529696042744 4.499569416291266 -0.34520826650291103
-18.253503913100943 -82.36891239331352 0.42706646296326023
-92.1542482602805 80.88277484493241 0.48058596800031733
36.470987620113334 -32.83330023111597 0.1438895405030679
-63.89272612927817 -6.380096439532807 0.3462001211653225
-60.598610553153655 -16.76224740246137 0.29627288876695557
-4.294717418381538 -43.13715670523977 -0.06104293717410181
-86.83235766425489 72.2638128806893 0.473686451037191
18.52493356956674 25.657735706965255 -0.735113420533166
-26.913909709988104 66.41743131386747 0.37548713018667246
47.74509272757956 5.676532152002991 0.10510070705367025
-94.4271439492319 -11.33404055185494 0.4561103915820631
37.21560838468645 54.54166827288148 0.3260564969472993
66.60392501785532 87.3441034515325 0.4707848035485
-31.20864397559795 -26.675876337370724 -0.18693661884231072
61.15313442627837 19.117307288592784 0.3424725161215992
-54.56759192566445 17.46119881005417 0.25241037051029436
86.60845712183098 -25.286911740912885 0.447284552932074
98.7170008368555 -28.806870784903538 0.4668065775134638
2.8361874994552494 56.89772004991215 0.23179509303460666
-23.55233124689049 -52.21031344585927 0.2512978972127421
-78.82007284604285 -50.3904980564805 0.4517523411700684
46.078242474910525 96.27365141258713 0.4674821959672893
3.030582864227398 -28.46630254012834 -0.9742155752696326
47.511268446532966 70.3618204310581 0.42587542842454607
-31.29319228693265 -50.85445173717642 0.26013523947441713
15.909284326200066 -34.64572647259115 -0.30244041328026483
-58.1140063014264 92.8521666254938 0.471378879917573
-26.191932661232727 -3.0029013481575078 -0.9309173329577713
-91.63965611757601 61.25319330659775 0.471496679950728
22.715865605993216 -43.18821341572985 0.1491993686884554
26.04676129639236 83.57001340746373 0.4356776462096378
27.784317361801754 26.788918625596978 -0.20825565441592286
-14.244944654047245 62.359411711547125 0.3387992315161148
-47.94876314877954 -3.4725427941733784 0.10433606357160563
-10.685340259237776 -77.63223005218975 0.4025463337227777
-10.235637455473608 -4.171963459903026 -2.679070139450926
-23.651813394958253 14.689676392915757 -1.0310079358779294
-70.50351065065269 96.33269316535177 0.47850254098918515
-60.04196082793849 95.31096817289571 0.4743317502682574
34.361863289090934 79.91574465927516 0.4412067609514915
-99.54106021778091 -43.859980204681136 0.4748276132400142
-96.235012791711 -83.50920281457171 0.48642369766286864
-17.469510057171078 -23.592654401879145 -0.7175704741200108
41.34625716150626 89.80933707270026 0.4654783956511353
66.51783683525335 31.744863034753024 0.40296066611406284
-79.89630295076026 -60.11705884314333 0.4608703928122712
99.58636168676648 -24.912439048124128 0.4678788407818844
69.63232758584667 70.62805552216611 0.46552950830473855
42.092423058702025 23.026289490870866 0.09364366908210026
46.48982570363344 -89.5203727367355 0.46085996704418536
22.271530118759912 -38.04310933873556 -0.07600296508442872
50.7636136541216 12.165555811139853 0.2025464753539275
8.377955550382183 57.737302541904 0.2912323770628511
98.36159691113721 -44.52809944879657 0.47402475249059944
