-71.62054913892344 17.514767519713146 0.5118463841173334
92.94062152784718 17.078489160454197 0.4955446330953214
-15.508363891026946 -16.732439860019113 0.5162353493279294
26.047073910969857 76.71307056858686 0.4979484104741069
9.501066526290543 -31.701507256159715 0.6112497042883261
-30.045420542857926 95.50530138624461 0.49719970858251766
-71.70201156999813 -37.54724460218222 0.499262902834037
54.61068435467328 -89.36069411012724 0.501786722893189
56.591755961207525 -6.553257017942073 0.48153683556697435
81.2677708311721 36.88277152867397 0.5052058855465013
52.580351082544894 -8.574354451681813 0.46723933648458654
6.751772622713915 -95.62217264575963 0.5047993364359589
-79.77095214137412 -56.6838809893597 0.4973641462093794
55.54474991565414 -35.15597683289151 0.48430277574514335
-3.2451883278576332 23.871454596286966 0.5981889977380801
-78.24116802446675 57.92812732379494 0.4954581621476351
-89.11692163468044 -5.731319261702211 0.5055381969645627
62.10375726022076 -35.034369721652496 0.5044296183285497
60.90130965402136 53.17307324519692 0.5008498531779851
-55.09751298994028 95.90149520692063 0.4992163668432617
-23.801793258375568 74.71427299600154 0.4905244967329417
-50.230577562761255 10.99319102656547 0.5253113600412922
-34.90470906929734 94.10194246068534 0.49614000705196787
-19.255967668170086 -43.041983931706 0.45195985864504096
15.148844126935558 37.2949897177821 0.4717869417885192
97.69637263839505 -87.37438984715718 0.5002807574296225
-24.254615046753685 -8.683708884724155 0.44458456805958374
49.70520256477465 53.887241237236424 0.5062959995588694
84.42907605712776 63.9171570406979 0.5008883805756253
23.92080309765072 -66.22057056378858 0.5119774286559742
64.2875178713428 17.576440665986738 0.49625303475499
-30.004664298722616 51.65121552775955 0.47613045538907606
-98.02175709292675 -79.81343046140952 0.4998502696640938
7.551086405904272 -38.36237163974137 0.5736434076037035
59.68614102754498 -58.95053676590394 0.5022456339363394
-56.007688965230315 -90.53804126620157 0.49749849663506285
23.460466592748162 -42.76896391225207 0.5431275086473359
-18.215075132535688 -77.80899661084426 0.50845617873485
29.231870697237355 -49.78568272705537 0.5190690458013083
43.01812617381245 -41.13773034610537 0.47713094119446003
97.76095220880822 66.7471569521858 0.5009497656762882
3.123872699922984 -72.73114946683489 0.4940965989867197
-32.482718629693764 53.98677897583829 0.4809647211764514
86.33969911196189 6.98275903143049 0.5062096403431171
8.485824922300793 -97.34322325250957 0.4964115094248531
44.60829884242571 61.443506024535225 0.4946729992534535
65.32514247999319 -49.501896469289555 0.49289552903621997
39.705534664369935 10.308860162660267 0.43504611334622023
-45.48131862625085 -5.698863370605437 0.5438375582042642
74.78631206505551 -57.004121472713784 0.49530170769815507
-87.59634167550678 51.49103410383546 0.50215564646604
72.06976535445239 -7.546228691155605 0.4882864301287399
77.6590140186124 -68.02445672943932 0.4976208657842479
79.75260792514638 -79.6803788585249 0.4980041096274806
-36.00681349691768 -19.7327549471203 0.43721286503309514
-22.932414646579886 -79.18929735402152 0.4996077466222203
-64.03813934373805 53.48266662926494 0.5073714011525714
28.39586350111108 -63.63561777400874 0.493875288800118
-83.50738714009523 -51.687756571938515 0.5003063211120595
10.719676206954304 77.42785420198831 0.4927418459647357
79.7639207709145 30.185379523853584 0.4955917557613808
-76.45734101430214 -57.93538053749225 0.5046885946907181
11.19073638819286 78.48878490629733 0.4991971296278874
93.01331354822509 -42.34372820835151 0.5037467394826919
-77.87781481754587 -87.45744933097079 0.5003744943562674
37.96979098615324 3.8066048800993 0.44992420071598926
58.45974588109627 42.47992007183473 0.48708629368465023
6.544000639367823 -6.683279759160314 0.08148974429743
29.46178684188547 -39.27297800338556 0.5299040543653559
-33.11660051531966 -80.60608605501494 0.5004781919549716
68.58696285217738 91.86188520176921 0.5024963475790634
35.81281991005045 -11.183390005188883 0.4193194518427203
34.61380347265893 -34.394391285632636 0.5428357310860977
-71.81351691376865 31.060408401648516 0.4918314315351865
96.92091041634492 -50.87155506732417 0.49837377467493904
64.79276580520857 66.91738041906243 0.5031646103445673
87.0755026749838 -93.52055232809448 0.5007627679491687
21.650405660044683 93.53568448596457 0.5044472719669861
-29.436589898445064 -16.434320628733047 0.5128130158859181
37.810343477012566 79.96333853697018 0.49639531491371375
-11.647563741977478 -97.3772731099692 0.4990896214407061
-63.74104741844337 -13.026675592898656 0.5046767676239419
-95.83413319030181 49.57873457475662 0.5017645007212843
61.51771134585189 40.99618274883929 0.5117286800405515
40.78955665811651 26.154155444074817 0.5395576335445871
40.48945885853013 9.889556710359983 0.5071435324318165
52.99001500386984 -50.848551992904675 0.5087496026811144
-88.4933614816185 -55.071889415474516 0.49843890564901616
3.137391114733944 -94.06047350570552 0.49504052097568785
-56.39117128985915 44.69204588957166 0.48922843501679525
-43.126385065880626 99.80543096099944 0.5023670367025114
-97.30821778113872 -25.437354511239207 0.49597146838989264
-80.23201291453582 7.141275437029208 0.5057008562887952
81.45703575779785 -52.51446719449169 0.49728326746103146
-28.600994415986875 52.55511402469631 0.4771367446395092
-60.607942858371565 25.583067493490844 0.48360703461944815
-4.609898956810255 11.061456869552487 0.349263197138427
-78.32210077060518 99.1691824880202 0.49971965769611715
28.847979345884653 -31.065088688495464 0.5638617326955099
6.72107640281709 81.11129334937007 0.49282521824996034
-12.71527340539987 -32.5969223948299 0.43430374290937557
-52.58397203006149 -62.439234838994786 0.4915289286125851
6.321235161770744 -82.76214104690945 0.5070570495678458
15.601709147308469 97.28191144721251 0.5028114514956603
-32.64663988398364 14.815855176182865 0.5814112764508048
-10.576308233571424 32.440554701710795 0.43140229665610363
85.54552503933544 -23.704966026100664 0.5002429106047294
-85.5451883253471 62.84976261799565 0.4991946931041194
32.07430136568669 54.01809182978545 0.47957009363948344
-75.16500917702919 86.09068195794674 0.5018269617731184
-84.94964492645857 20.49538435163649 0.49729246966847884
-76.87779489897824 8.352242349168137 0.5077000174037511
64.97103860890749 77.06736693474747 0.496552538952719
-64.1264628500438 10.504152655827468 0.5073734272087769
29.003874041469203 4.502528978556697 0.5794486107438946
-49.61113837535509 99.43165889797271 0.5019335761328575
97.89846132424458 -23.643252625780548 0.49623721551303684
-48.387115798351 44.021081166174184 0.4921219799124238
-82.40042210186589 70.2871173682843 0.503046615541094
-76.69157769118121 -0.8425053758205365 0.5090233275752609
-34.98928396740304 -34.54431038943528 0.5249712530669285
73.83869222034349 28.82095727287603 0.4988509097299752
72.77044918117562 -31.5336057781428 0.4996936471473758
94.0872679452882 -59.87807040914206 0.502768926458023
-59.865048217273944 -10.044565885069858 0.509959413303891
83.47572743164909 10.661268063816635 0.49823719968849867
36.29384537134678 31.028959271824192 0.485422376524114
-63.52944230250286 -86.8902386441743 0.5002414672668049
85.14129222748178 35.826470209836515 0.5045097412370784
-49.59440144970875 98.15378066305416 0.49708512376842434
13.967990321636776 -11.56715784329181 0.4596225417375543
70.26352472258256 89.35074672529319 0.49892778462773874
-45.734754271200664 14.986586542556537 0.5192257982977845
-31.739187030826344 24.626326866010558 0.4829993651012235
30.920393367469615 12.22544454522891 0.5975580073991749
-76.11151985699709 28.522889517626965 0.49399064048973523
-22.010423246946175 -70.23349585668333 0.5109246940931984
23.025384211578 46.85567077465768 0.5265423874733761
-4.17445304346063 71.46190107896263 0.49702600185091717
-4.21537079944892 13.895468642840697 0.7454777595735171
-89.82909696551027 10.21148583280251 0.4989731466865412
-70.8076270322859 -93.01110504159857 0.49941195150454487
47.06810600949808 -42.836214892334 0.5009833726945359
16.180272252974447 -27.175508912522133 0.3860775420127146
72.0560658706986 -35.12216445791567 0.5090234047993408
27.701920379176272 51.44288449342949 0.5209486110758114
-61.03270094753155 -90.36409971614903 0.5007504775836807
-22.220068635487962 16.87272631635919 0.3841448238709601
-32.80068815659543 91.43395369293214 0.4959712142726111
-84.84968533925377 -96.07391391329413 0.49948740147098486
51.318386342555215 38.26554246419721 0.5137219569133136
34.50046742433875 66.92766608436565 0.48899073456606307
-49.71358118613682 -35.288910808967074 0.5186516046870295
87.97700503628349 29.27621008625883 0.5054083448246254
12.121349049512745 -54.24819774709824 0.5103822526248877
49.058936767946676 -67.78134531337867 0.5052095097562638
-89.40252448491792 15.106569770558181 0.4962202407303842
85.9597708115731 61.12605351749892 0.5030349942878344
-80.00608129523113 48.25635338815758 0.5003145247734101
88.1418411491926 -1.7301999664587981 0.49398619393395493
-26.16267409914714 95.98806042835326 0.502061755889569
-26.268766703739615 -86.47849127277745 0.49929510981040026
59.17879341437066 -13.36067342384814 0.5085752213599332
24.527724571878863 0.7061867126217294 0.42754780977953966
-53.98058519336999 -9.22081891473961 0.5284097017955388
-79.36886071552868 -58.30718383032638 0.5025340618605219
-83.26221101787627 -70.2909682458341 0.5012033945528473
-58.57431580831849 -77.67878294983952 0.49552803673249346
75.04450080779947 3.158816641230871 0.49048502355368206
-75.37804575885212 75.62433689859532 0.49675863270458687
-54.36285564816485 43.95726307490551 0.5003074298891894
10.59579747902663 1.0278643509498124 0.8085089401430284
-65.6402832277531 -87.32102459339737 0.4995786963811894
77.56351336415065 -33.91939757278142 0.49291775817471584
-63.88335571649857 -90.32073829006693 0.49936913034358554
16.07921626964614 22.242147766767545 0.5141194360297333
-15.91971610403202 28.56447335733671 0.5982308361133297
-82.31583771638849 10.701325902243013 0.5070959897527387
-90.80756313451421 -40.03509545198183 0.5035944944708014
-13.288416777977403 45.273796517089636 0.45230757143066413
-82.51928692911872 -77.5979405972301 0.4975466691966962
70.17594997180211 -12.157005911579603 0.5065019463608371
-10.26941729316519 54.85906421802156 0.4971275071325906
-22.321122907107167 42.628402219502334 0.5185026406431031
92.41411714391063 18.54677797599456 0.4948831548021639
47.76711433740991 -76.50491432990711 0.5015198579568246
-75.58687676311955 -91.19857401164893 0.5006306428932503
59.944490648725434 93.28059609459484 0.5007813953188155
-7.029276592449946 88.57415401123555 0.501288304754571
-5.561265108409756 16.81943666653663 0.6862358253887169
86.468978920182 -75.45468304577976 0.502446415478263
-13.028486304262003 -88.12024925292535 0.5038219138440682
99.89055868578743 -67.59839262379205 0.5016145491013005
-88.7453490035212 -11.962219434613488 0.5061451553661682
24.712539860449013 8.16676155300678 0.5383906323529184
82.81374345396827 -41.62608059504065 0.5054346558483119
5.664697194964546 -64.21291578776045 0.5186788467185096
53.636614065760256 48.057873448819436 0.48840777194020235
73.64056558664674 -63.89167046854662 0.4955680558991565
-56.76863066407147 -21.890991519201506 0.5151671289668783
35.36195979971649 8.438236487552558 0.5834061426663073
98.75185597175917 -1.5590599641508192 0.5039952094767797
66.19932142887416 -79.84371093109716 0.49639774351054977
13.25487469094628 -15.259839554912148 0.730596016682063
75.08355904295527 -61.515538409216596 0.49632917272951127
-2.3831676944967057 51.53326305840159 0.532805494289963
19.164727140936506 -42.862350606528345 0.4541648816837928
-52.59702014214096 -6.198023222107679 0.47832216900881996
83.76872983817088 9.938971428313522 0.49548284681226
4.414558484474981 -36.31787951981869 0.5558445847094613
68.57668820347735 -18.514777196572666 0.5105288526466116
-8.261861997433485 -12.159813509798227 0.644957160741032
-1.963752773942801 -58.50294122135003 0.5171681765902479
-85.23864448463456 95.29393209918987 0.5005423295589722
-66.55855834535444 29.004788835775855 0.4902311146653002
-6.209835447857586 -4.994653035275803 0.9303756986482594
7.4070651412811515 0.30537853095194123 0.7858154303744256
-47.08493808864076 -49.129312950622946 0.5083914039998755
-62.58687508544869 87.82033594165236 0.501451665749253
44.65412484494942 53.23625416905517 0.48911794475468573
-77.5345168654392 66.29814718981902 0.503784786243396
10.263621091370226 79.92421192092033 0.5052532602767438
-84.66828527128061 -60.547279488114135 0.49760272963402497
-83.59727045783794 -34.09265543340891 0.5004645183641544
26.2085716000596 35.9880372287939 0.4732683563939234
-13.607359794877667 39.904398478387236 0.5568255262024701
-38.745174527361904 -85.7023135569124 0.4952266164214273
97.11182971525676 91.11318921289478 0.5010807305551513
20.418751255701252 4.24048097502434 0.6569340722689514
-53.894855160667696 -58.85906578151783 0.5075542229517431
-3.1927590817725218 -38.970293823659354 0.5737574141008294
46.339567294253726 -56.48451787651361 0.5004630657999729
-60.247558254461154 -22.230742699684498 0.5177624090722734
-74.41729383481007 -19.78145829425901 0.5103915102640817
14.081791385600283 -46.1910107545543 0.5310624801164321
-26.250289638898792 -8.99686853014667 0.42061215908295624
73.24690538314906 -45.29124774325379 0.5060158413694976
-25.512594692397926 42.874574082982974 0.46991422843603825
36.37786862085622 -12.473258963475445 0.4955058013684347
-66.78092075205518 -9.056662850764113 0.5155345026628413
45.73842739198551 85.58277983704477 0.4964822943280344
11.61772349218127 -27.645422677358567 0.6330455636292717
50.22133918383696 -26.74815049142572 0.4787636808060836
-39.43725679845518 47.516773562103594 0.5120373405327081
-22.961733742140282 -73.23159350593183 0.5095111239356737
-64.53279472124404 -56.27251779822635 0.5001918009112437
-70.48824621104032 -89.29067886216468 0.49937662429902857
28.71728714112274 46.489086911239156 0.5246943905295605
39.44407585571935 -34.27232180095601 0.5241305805102566
38.25260385083965 -90.18441515625564 0.4981591622640447
-78.02694706066853 57.36115060760113 0.4978670491400417
26.763778505478598 80.89919287509161 0.4947746810467691
-94.22934950578201 -87.41322639039026 0.4986099831534516
2.8658435869679124 -51.73705847230779 0.536793042441456
-10.34683552014404 48.40977135831051 0.4980624926272753
69.07857291971845 46.73130202152754 0.5075543384047525
11.270573552688873 -12.094048900295235 0.5235262492612587
-77.03391739929629 -68.87191597568471 0.49715010496985224
-93.64055067553979 16.50196270024837 0.5004980601691998
-53.97109374880529 -62.29021765298634 0.499219820290791
13.932733946940886 -71.18145648167366 0.48913338731092737
95.31052227772 -61.319971616612534 0.4976742930789351
-20.286763861309126 -88.36457258098582 0.49627770963486517
89.00795984658828 -17.16270481178057 0.4964217661512987
24.410990321718558 40.37565984790734 0.45227657795079385
-46.72575435433459 -55.5788034857432 0.49034483713039034
31.80814727571044 88.1004682143278 0.49792002699597093
60.73339509886449 38.69524790260658 0.48845434895395784
-94.7639132802703 -36.536155800520234 0.5018507952019978
-89.54725820090756 -53.76932744938892 0.4999455858834738
-88.29227553820968 17.287782177330982 0.5039124634745525
-88.83108187387178 -1.918827157743209 0.5012780063053276
29.70835641724736 -3.5391842360150463 0.6377263069929552
42.37217445686787 85.54551853884408 0.5037119801111852
7.416805011650823 48.746802539875546 0.5143448292205536
13.272414384055836 74.25072565058119 0.48884540947132465
-21.893987443044054 -86.12782522279173 0.5014649728110562
-49.60808514297925 76.19743039728363 0.4945637342046053
2.8216735937389075 18.758425179142037 0.23734527841591385
11.306944131166446 -61.00341733060455 0.5001708877953875
13.412933583553595 4.2950965724460275 0.8461982175954457
-28.564281661605293 83.92968208927255 0.4988254764733294
58.81340553591804 61.88967434550091 0.4967601953524185
-83.04550373675673 20.95798533358058 0.5005871425845368
-18.437521806883737 44.35510950582548 0.5113321828542648
38.547175960027886 -78.65691981840857 0.4950919818869914
64.88339528366907 -91.03855219378774 0.5023613056333801
-45.20630556986387 76.70741673778687 0.5034094443107976
-72.70990942045022 65.58104787595116 0.49779568110301453
52.09698136374749 -29.489890413164517 0.47763179219966456
36.46075386870183 -71.82060386567326 0.5057516606033764
55.28782002443012 -45.86679954546171 0.49120579584981394
82.13063756102136 -27.730569023195045 0.5057539700827988
-73.30080384843086 1.4963289382959601 0.5064100746653952
76.00535669431673 63.06686277562943 0.5039933481676095
93.38516973156402 67.92259469160089 0.4998998954341599
86.73634291095561 28.581864462411517 0.4948049658130027
94.56499681395462 -51.89366197341325 0.5016014490517213
72.85683103930776 27.07446657908828 0.5005970552437237
-42.31112530186045 -56.621062402355115 0.5139064746093279
65.71975712962552 -43.50484473018279 0.4918030371244987
-9.453757478433062 86.38575670843534 0.5036047213140648
-79.67659438354302 22.79515174869529 0.5058662326805089
63.48517623259781 -87.90343510394656 0.5030588981243308
-25.675438117789213 -83.12865605098972 0.5023440535920671
-97.89790637563857 84.54059124872634 0.49926024925262963
-72.01216543744107 -33.18935744102831 0.49938260599047446
-80.14956435832501 -37.55944161260183 0.4970833429508884
40.36102446447964 -25.36228389806709 0.47834730874596526
3.738743940340882 -75.12323431329972 0.48945815336195236
-45.48337534214015 94.82603490342859 0.5034003567680579
36.55750578979411 -45.67728244067697 0.5183215488468291
8.684782932524485 23.422266044171238 0.31913826640828563
-33.63325430207678 -27.07267544549616 0.5026053445266696
76.2848709483506 -59.330795407314206 0.49965195094838605
-70.68340722656697 10.262874709622267 0.5012513455544532
33.42197002952523 81.48920006385515 0.4936439870675076
-34.79237897738085 25.79284778363109 0.4864070872532807
-55.3773595617395 8.853500962105215 0.4827445322339294
69.63850532539925 53.708899502003135 0.49345118699019624
26.572609657990625 29.22993844387338 0.5681212946683549
85.56768396283593 59.721818131681204 0.4992289154630211
-38.74441144598511 -12.504662191219836 0.43152115452519885
88.22593022801203 45.79106444219363 0.5026829789942571
60.63996101085246 -74.09220835076826 0.5047831185689664
-29.314711884947513 -27.42253643705807 0.487408481807887
42.44810466440876 -5.877145272999712 0.5394519199083371
11.305258209545599 -34.61667418960688 0.5775315026232092
75.17689620333857 59.22106050133033 0.5047118764469879
65.65193651827775 -66.23346182253013 0.5021138207341699
-5.093156917502256 -92.11550471806432 0.5036826949755895
91.24291122945971 -70.87495655560025 0.4996020495311045
-0.8932561688490352 49.658336944262544 0.48485597880737674
-21.474451941765935 5.5176692739256765 0.28980511935851616
11.424376462319728 -70.17259968833709 0.5092918616149549
-98.50179431423747 35.77014144954211 0.5021767595709666
4.689308932476479 52.954623346185286 0.46987239941071374
27.204881604514625 -81.58757479558804 0.5050407990093876
31.369764332926536 -2.2365427202899184 0.3739046963123773
-68.43531576211996 -32.507706160549105 0.4918060651560915
-74.87755580788746 9.213416621046306 0.4888767555488269
19.92137877340751 -47.858369958541736 0.536774776671588
-45.48817756535421 -1.4483260520173644 0.5528213312887369
84.55397498832352 85.35210154715554 0.4999040941176334
30.10781596552829 47.453436905535625 0.47787761811909196
-38.923036739143726 39.65314547199665 0.511606062690692
-77.42267429985084 -11.020836923487536 0.4922806084209127
-46.541281807123134 13.779106357938701 0.5422381625336685
11.11235528293524 69.2036147893933 0.5052966142022098
-24.70989657834221 90.16695497834272 0.4996933781085117
95.76972012730539 -83.92912618900563 0.5016482705256659
-95.07468018571517 -87.97087446243043 0.49980901866126626
-2.3776623465184343 73.3433358720059 0.5077089274509048
-46.39021264408634 -54.362652735225424 0.5001476637047958
-99.22674000929297 -76.14226812401677 0.4993103122005087
71.28177862856185 81.61826660062599 0.5030764471260297
26.236536236771983 -87.63518856567241 0.495809294536738
-3.4191409518216034 -48.35251653358252 0.5402634694176682
46.63338785683908 -78.54139701295622 0.49489964624974075
96.79687629758496 -89.47574511978485 0.49856942239082486
-30.92092552907542 -48.975283286812996 0.5242885479233369
94.23815558229376 -63.15343808590556 0.49799558535309885
-30.97583170719021 1.052678171684903 0.413610583324976
-69.93760155592344 -71.46088161621171 0.4980613824743933
69.19019053964152 -19.06180778854099 0.49260950984655666
-2.0884569573686775 81.51121058589521 0.4918021406871447
-96.35691461103879 13.365589745350022 0.495542872991466
2.712762630490488 84.57275577291469 0.493123584337159
-3.061527894002296 22.32607714171408 0.39784587671503946
1.7267333263842204 -88.45213414786986 0.49658017399970145
-57.45043349094079 63.94455016079246 0.5046150384622401
-33.96760364940374 -94.91107506318347 0.49658004130544975
75.90665899057257 -11.160089441055447 0.5092895701498483
-3.1217914399293676 24.323276957541125 0.4329772511510719
81.03543793511221 17.662779084646246 0.5065163346499475
-80.97200251230299 -3.1591492409113613 0.4976268448546595
65.71260787778178 -9.98928187219748 0.4906278586833428
-37.13811951785109 -56.42360121667813 0.5161567478177087
29.650635623067984 -51.809076520660334 0.47598990834275046
91.3995219949669 -24.32469675115408 0.4960266565747679
30.120899569429014 73.60392135910888 0.5036879148581399
43.175531617314306 59.889500008040216 0.5120150670002003
48.79363507558293 51.67698282687084 0.5097669234262205
98.30366745742049 52.78433384506479 0.5027490007006543
-36.90641516297617 93.69026544221455 0.4961918801690247
27.845688546862135 73.33993248085542 0.49039421063794014
-56.14758072800245 -43.77904055503663 0.507054103706158
-62.73762694790717 -18.979384716759085 0.48831176509232715
45.54097627538226 9.29368757649776 0.48605883804885003
-25.013210086190213 87.12288452633231 0.4964685537162435
-47.882676450834104 4.574491177385553 0.5170088034122841
3.695261049344907 -75.13967062113662 0.48935471502524497
-75.97083826262346 -76.22163042369314 0.5001069001888493
56.3541173832227 91.63422589070342 0.49985173116287895
-36.50920035159852 -96.8710919084346 0.49652053907011556
93.93894728006504 0.3135837786569624 0.4957738730035712
35.978060468374224 -76.66207364353164 0.49279670722808433
-57.109733009347366 -60.073594075647605 0.5060195572626639
-79.72781649018353 -62.97048315432221 0.5020715065799682
-36.23388251620416 -64.48128084187918 0.5114964512376206
80.22111474654713 -78.30129979475149 0.5011148957796039
-65.20265426166108 -49.176361548385536 0.49150306260396465
-64.2082675454652 -8.160977997531532 0.5148444357775668
63.73908769846622 -53.022229995739956 0.5062458326970564
-3.374337741930262 -36.84186126145197 0.4853887658771983
84.91023771903085 43.14045356879791 0.5019905509572395
14.918132097661882 36.96078181623906 0.5287030626536439
-34.30105680621989 42.57479893222575 0.525770667704881
-48.96658960249511 32.27751275854686 0.5124752701272504
46.46702437180704 23.40921992592935 0.5336705206002401
36.27780968718133 71.02373814435364 0.5069606504903815
90.40136574482065 38.62041905063859 0.5011353302746315
58.85749847808876 -68.53584129284374 0.4997677973301815
-22.215066971536743 -32.54350054815072 0.5740390478015158
-72.02692716675713 1.4977881989289585 0.48812963769685275
8.320514663009419 23.542575973626015 0.32029858484077633
-78.29250905502604 5.271304939368633 0.49033570456177555
-28.01876753631292 -5.116670225026425 0.3605606207803389
14.164273350912453 -71.6821676191315 0.5006506528039052
-94.19002400349478 19.127418011613884 0.5039696120866217
51.594821352390795 -12.149861515598516 0.47604693610236176
31.516115451831638 57.472989121926474 0.4882750198666845
92.96735670000172 78.73751479009834 0.4996308527151196
-96.05509279745665 91.34472831975523 0.49949263975830327
10.512641834397726 -31.792125098138087 0.5603322855856525
-4.722760169643607 83.59593131114838 0.5045066780716063
43.473987824789276 -38.94482464122393 0.5226607939768478
81.03209521575971 73.15683313433755 0.5000011382988664
-87.9811783400524 80.6667585422179 0.49785056847083486
1.3917590883829831 24.132171382845897 0.568333213689142
31.235062659484555 57.91140635774792 0.4834698809874078
9.99659843207634 32.401877024597525 0.47077242610261216
-62.19375929713345 -55.74492688407713 0.5067611703503118
-66.13327805941549 -97.14286311542834 0.5019009634179937
-10.228915551231509 13.419875395661322 0.7088737842627428
39.626888651555106 5.768678668603442 0.5015830594644186
-22.592126450932398 3.2959196067807284 0.5236025136074878
-96.36170145894339 4.393620475870264 0.5013207692566907
62.765240521256544 -93.02643695967112 0.5004932097733438
66.19489660724952 -92.7006938868819 0.5001326914231878
-57.15631454078722 51.27528347761074 0.509813184390966
-36.780547444618186 -21.300433526477434 0.5624164097899507
75.40192028841221 10.42322147105375 0.49860265720905217
-7.465116706909328 -87.38725302225268 0.4942509236938974
92.13567552092857 -22.455695981172923 0.4980458677315829
-79.32103776454164 95.65141886796638 0.501745094545294
27.262999000382266 62.07674154165744 0.5139244729217843
25.60444953571688 68.52086620542923 0.5026189839525911
-12.754977933659632 -97.84289063719069 0.5036314440419974
6.418173715790118 -82.95839410275079 0.5079309649950953
58.198825447810066 72.13630491900034 0.5054348745414556
-9.19670596364756 -78.60906184905257 0.49666175885531366
-58.208470941500146 -92.77979813836967 0.49805985172601813
-78.55060167929808 8.33121370965901 0.49409032105742684
-75.64092618613392 14.869624668287358 0.510077988597741
-93.70254807072543 -84.8276502561196 0.49981537533654247
-9.585868469267695 79.35091324006055 0.5085540063062421
57.93228741119768 -96.71956349539859 0.49798309624035036
26.956994733015648 5.004850677314749 0.5231491279094925
-7.692590557121719 -15.002162457155578 0.7026589297262763
49.72236883091014 -32.38278260152592 0.4813717327685274
-28.068266460444534 -81.52943252001288 0.5066343789603196
-48.6742219584424 65.37082621577036 0.49198663882973515
38.231083119472885 -80.98677976743576 0.5061390583675691
-20.535508382535923 42.92383356850192 0.4715202669073483
86.20535207880866 1.7088497036288572 0.5066192090732687
62.082755216060036 -27.74066008498461 0.5097182419577515
-48.70916893787687 94.85772996659529 0.4969450575665749
-63.457056053385365 -80.44534450520071 0.502847147638292
48.91530502077981 8.225466005025012 0.48991331672556865
27.81119429286207 74.94700437122287 0.5086307177098722
11.477570909661466 97.51386696033254 0.5001080872821031
18.452224324433857 -23.265546182261332 0.6348511904765662
-36.21311358504862 -92.37600620834155 0.5036878784203531
-28.490502135621654 72.2632119999491 0.5015632257126081
-52.608559473070635 -18.038204112902093 0.5087165375403027
70.27606496665376 -36.817565864290344 0.5002095127697435
88.6358488712024 57.40366989648925 0.5025578373355765
-82.17984167313472 78.49222472393288 0.49880515860172214
-94.70693123787102 -1.4209152227204953 0.4970325911894272
-84.39710614920692 -22.08754290146149 0.4991885885141703
-18.103700690744134 1.6256451017611937 0.43703649596584576
90.68117754166198 -76.34280979877829 0.5002508049839796
-7.324487799865025 26.708193690915266 0.4360505478556041
70.61824849595436 97.40556692411758 0.5005981236510122
44.97652089743366 -20.136991553928723 0.5166775118764577
62.873161018862675 -16.559704065313042 0.5061258385241387
87.0479320876606 -65.35634582227345 0.5017998108335382
-1.092493724272245 87.35512312344548 0.4976015586086724
-16.142293433054093 -81.37574022225152 0.5067233954243902
-4.17423886039731 -66.11575507412223 0.48530179402649326
7.254430492902529 63.84401616880285 0.5181844324484663
55.73114181340463 14.633208184177107 0.5145096154380773
65.06187296040537 -88.18123680056527 0.4978192365757376
10.82845668633621 99.4452810313336 0.4977552796011813
32.6768687483989 -31.478706991033675 0.5500053710719882
21.774515697803864 95.91364483080272 0.5015417351598662
31.1116631871989 -90.16530779874773 0.5031499043494878
-51.21971111954664 97.99903186080647 0.49907850561730727
-67.69517451822453 -12.547682255818899 0.486934328076805
-89.36432788472459 10.203261748982115 0.5041322951129857
-38.256684812373834 41.138785683617414 0.47864654538514023
-81.04887834208088 -35.183387144672636 0.4954301949207858
-76.51403298858664 -13.794663489664444 0.5001372943597876
-30.384511532970834 -33.15086435203807 0.5214350743390812
33.22849581429361 78.80017763063847 0.4987218609971422
-94.8479418852346 -20.40876999855452 0.4965979945625617
-28.032710359778903 9.254641830847675 0.6137731470924902
-82.61804828285662 93.27040425830654 0.500967951981037
-15.60667449394144 44.74401712599345 0.4589897738544598
27.324679051612733 90.60122299142293 0.4963727676771411
-24.213607221945793 -88.45206550120272 0.4979563291893001
-11.571388732758095 -78.95082328842506 0.5074295554449442
5.044200429857668 -92.60720153285511 0.5053742733169199
13.564934616581965 -77.59128350368505 0.4913535394449372
14.521654026726495 -5.948809506056591 0.17822627708192512
-35.58523160023883 36.96990423348984 0.5189988172092103
-45.21716284369219 -79.15750717251429 0.49426786567854414
-70.14913599629465 -80.5876400587429 0.496761298382014
58.19934091821182 -52.34383251186168 0.4915009985662588
92.16295845093452 26.222740660072844 0.5048231372175784
4.942215775967696 -7.71951660573518 0.13020825959699756
-73.07575547818533 44.84301590324745 0.5018341946427821
48.749220167925216 74.697787358809 0.5048656032278166
-64.06295497553829 -72.58428372632291 0.4981227931084022
-76.12624338171983 73.54545926160097 0.501177216350381
-86.79894146263291 35.23767578712972 0.4978037918882189
21.37686102126395 -93.16725918660147 0.5043583615274555
77.26231374645786 -35.98306116282764 0.4949792996538217
4.64217589090083 99.28524527445575 0.5027335231444029
20.86907643446945 94.32584862591474 0.49997303503506113
-8.093760775204544 84.95897624257549 0.4963192663322988
31.471098909596606 70.0187447895442 0.5096694970299911
-6.469989848569085 69.41509839527808 0.4947498060121642
-17.03394238676013 0.9064183117159814 0.7712491786433253
3.856237603510465 -11.207784460883175 0.44509188968795144
-88.74462416775697 -92.92634767036134 0.498673814813248
-74.80685000886776 -15.83156331180085 0.5056677990260133
4.53385555696903 -76.74086259092716 0.5102866085401812
-78.45395709289724 -30.29840175929462 0.4990264026211698
-67.55701491805729 -93.40652867751167 0.5008479141488
-59.85360597544327 67.2356561861366 0.5034430865408213
30.800538053752547 -11.44225895784028 0.6117592427500352
60.92298188864055 18.11152819816111 0.4976780200471154
-88.89840485592143 -37.50644221429245 0.5010943847832605
18.037176284624707 -72.8216414140701 0.49168883764427546
-15.890241389498811 -89.50140080576404 0.4946563170369163
-18.042665667785315 -28.739923594473282 0.4656234483634041
99.85457106724954 -17.248369861307978 0.5001335123217463
-6.393007458424734 -63.40473010490808 0.5042204330420836
6.1957389367639735 -57.06573702049127 0.5036228308920919
29.523314374791596 80.99758605022757 0.5065643840487614
-46.56636091496358 8.719131317168817 0.45839434079884656
46.3748990563997 33.80151487421779 0.5028223611710765
60.21110711566456 -92.87391931346274 0.49967513835525385
30.765955871600113 40.02841776070031 0.4640918756294716
-57.745274154428714 77.74132117188577 0.49787871049319804
29.166952854282926 -48.65061874758301 0.47359876128237627
11.312896777113494 -93.70401754992923 0.4950962280141202
-67.18815680988999 48.876397439065244 0.5075627522898571
11.894717893801982 -58.508023659473984 0.47601361136293785
-95.71878482815357 -17.737960171942603 0.4954599236402627
22.85042123440799 66.98037216507197 0.5136498886260519
-21.846849950258388 95.98230984942259 0.5021927465900776
63.40275030563859 65.23323030016132 0.49440684130986007
46.84274786894835 -45.48914053466242 0.4961505580117778
24.844851680808674 -21.935315468421265 0.6080831471062564
-79.23519724613183 -92.24169995737621 0.5005387773954962
77.41233318142298 -8.020793632551332 0.4985527228181451
15.967718221569882 13.919660073422534 0.5107744779434078
73.65308514039202 -7.020427243120636 0.5113275957849515
60.908247547088166 70.29140051950523 0.504226995036378
-66.28993607257522 14.313355247210538 0.5136234897682317
-68.94461892950156 -7.3779101196344214 0.48662944713418027
-76.01776510226057 -63.82368633919864 0.5035140835209656
52.10520140708664 -40.30071998576701 0.4828207018961141
-96.62754637065115 45.484012506997345 0.4967529845840665
77.51863369637007 76.09070434814979 0.5027130981141691
-13.132917739376595 -4.590025693108004 0.8159762536413422
5.357507672506827 -55.993522439399214 0.47618087449555446
-88.59084900021179 52.84434136620021 0.498119442852913
59.95193991477129 -4.560335754070039 0.48485764415993876
36.944462189491446 -13.028658472087159 0.5764148857115333
-25.031634637581305 21.82855584628365 0.6017195894787569
70.8585698230722 -13.08319317875113 0.4879925476031117
64.13471203309541 43.53523415109183 0.5046896838725276
94.69034936798522 -55.50636834674047 0.49728540803484467
69.9365986034748 13.77257295308749 0.5050513222196256
66.13806542562938 23.34163818138633 0.5064807227942894
-94.32924506847225 30.285315644458137 0.5041686927630246
-87.68937011388039 -32.92443902944029 0.4979203533177398
-73.06700802382761 59.536507801823944 0.4948814688640617
-42.662896411896114 68.45710621470505 0.5039892910694117
28.359999635860902 -87.6468449176057 0.502459786953571
-41.27570188633762 23.894608803120548 0.48046527731031713
-43.408986800605746 16.543207730641967 0.4884747789116025
60.71494473576661 -98.68416005852285 0.49823588264551866
47.73132322100008 -61.167251395873464 0.5033381975533068
-14.047461566536356 71.74617534270115 0.501644966205665
-90.34542493985795 -75.70653867794496 0.5022366501156311
90.02127860666295 28.70107239845106 0.4954912343734711
97.94195880157184 -24.339082517092606 0.4971580856846256
-87.12598665343046 16.622822716661048 0.49933428397269025
-70.2436165286626 -73.90125193068269 0.5036936336339678
-67.68044514418574 -7.982085870101159 0.505532375288492
72.56533036531806 2.0771656824304188 0.49008541248649345
-69.73113980353169 70.54348431194518 0.503811247815941
7.158879805130752 48.38602134877476 0.5393786258964404
6.59866894473933 -24.322514210057648 0.31476633371327556
49.78012642431969 23.127496526416436 0.5305734715416852
60.40757558535134 18.629139122253036 0.4855643338520644
-68.76784205937503 66.91177750882517 0.5046377383977233
13.599413711980034 -88.45231769084292 0.5061372927701218
-66.17016157778437 28.463768310417436 0.4882352441311185
64.35013583887294 58.311637114052814 0.5043009825568553
-1.3875273804380583 -19.46546150288917 0.43761382604309895
-43.887191824493584 39.060167770981366 0.5075997875080988
-36.86489323863138 -46.29046655677398 0.4872572341694456
-72.47570665290775 48.66330074925912 0.49842361693539944
73.55450457537202 -22.82015263477244 0.510367684596714
-40.86175579429045 -80.96933026042745 0.4959962237298174
28.919004987246126 17.460846231671255 0.4979535721501925
83.05351601869779 -1.5097803489988877 0.5074692477647874
-11.63472564369512 71.09644186012395 0.4881332614210622
-46.22185702136776 51.414669887208845 0.48504780195208236
-98.34222938627806 -65.63866306349254 0.501468097881226
-30.330219648186386 83.83940802083148 0.5045391919045792
-88.02929276618224 95.40724636149466 0.5006779097395007
-59.859031436009126 43.98257434605367 0.5072626898159672
-56.40396943144332 -36.591743243081744 0.513342139171419
28.439519333204828 -95.71167666505683 0.4991584176393032
97.9653701231048 78.02795684943439 0.49880567421694594
-95.63567544801757 81.02874547934078 0.49855726731425837
-91.34287786348341 27.145905041238635 0.5024283986845027
12.910452715131782 97.71765126077335 0.5030752248905276
50.62379357581045 86.15433293608143 0.4985319508469361
-20.36512967269921 14.116318471017067 0.35407708190165116
-93.26625941577382 81.11794430011747 0.5010641052544509
22.55546385970797 47.57687398300561 0.49782061631024
-7.329838889320655 33.934487085032714 0.4023790538096231
-17.810858040462023 42.195031198528454 0.5458789840282097
16.98363463314618 -68.86909691147179 0.5121078894690955
-26.911394467669354 59.16502289549027 0.506800024724475
26.724855108660634 2.2398106204824018 0.6647052041702284
43.74742412118965 -42.2536313453342 0.5144281691511633
-82.96317891757909 38.34161728414779 0.495208950400057
1.422184697057432 -10.16682515407858 0.5454409602373415
82.53527338844654 98.987149652732 0.49840662715449324
-2.489834020923155 39.21848993770152 0.5771219595906024
3.435609933614984 65.53523114574901 0.486379485813873
93.19704849591812 54.01268562975454 0.5007357334215076
69.38509030512367 5.363246995509357 0.4915295346956447
25.177755501502403 56.156137390973214 0.5184588630121898
16.9197519508419 -74.41950955798669 0.5028647704857991
90.41508246134481 14.435248367988507 0.4965054452818631
-99.75064377873917 76.15055738074864 0.49831768628976075
76.46741706785292 77.15259713953603 0.5027016429943255
57.556572668231524 87.61263128901689 0.502341558347533
-38.94410467674998 -49.808424671654365 0.48588385298507997
-18.82515686382125 12.66780764081578 0.46269873963812697
0.5873044929717253 -51.70869045847495 0.5359012662980385
15.578064252409689 -11.553030646183316 0.3778915367370023
-80.1368551005631 91.57541227480982 0.5001945990594688
-14.68833101358318 82.32901657797919 0.505705707370359
-25.364757476425396 -8.20269987357878 0.6701573260479611
92.76053848756828 -20.205930554425365 0.49903437490188396
-6.937298924847198 -79.22828878372268 0.503734974690488
66.357044368672 9.521107323744829 0.5087369883604125
20.878120317343146 41.376600586812174 0.499277959005443
-16.990469155980037 43.28721434290978 0.4839174996206203
14.750623665178296 44.69882393613227 0.4519261735238858
43.31583999954486 42.58548392235787 0.5116078314890002
-12.314183553966757 96.41726309297499 0.4957426262691672
78.74040081633814 86.01001756885998 0.4982690666824817
21.599697327318253 72.34048886385688 0.4890743095948074
20.16801969626269 -26.39155179404989 0.6014103339028738
-16.641274696718227 60.88633627213838 0.4831131258378266
30.253960260086956 24.308451041864302 0.5482160986413092
82.34683564415653 -77.76891581773737 0.49753147017227745
-3.596698025682741 22.45570874464724 0.48497080745273496
-29.712311462364255 89.19572250098236 0.495387457856878
25.645480663788504 43.391535751460395 0.46162319142377795
-44.92280016937708 -10.297472971394555 0.524612614515109
59.024266435079 -52.93578686694234 0.4992374105927412
-79.27366650409884 60.16685808949546 0.5018282140115101
-45.08695355701522 -52.58261172905847 0.48579720121656117
72.27712630797794 57.882261865977 0.5053860877329767
-23.551763039780752 -77.75082508844137 0.4945081834189718
18.489961736984228 -24.647944268072024 0.45320603062468695
13.619052982455997 -59.36356697550962 0.5170873059783827
81.36875797363595 -2.0727198121643085 0.4927717912378089
-12.843207581510342 58.3098545340726 0.4760209318669823
-97.04788939814182 -33.39587218043414 0.501827990877081
17.095539972813967 41.67109447319996 0.5283794867356553
-89.19568745492785 64.8125139762524 0.4976189559387886
52.028781867634535 37.8451732162728 0.5187679801184059
-44.280241732620155 17.96044485741683 0.48850549648369435
13.807898777228388 94.45275534006319 0.5036640934506673
-25.931581169929217 -64.4019089960118 0.48801317482227846
42.810894533648934 20.513213287425785 0.4637422964582903
1.1217592648371522 74.35210025038114 0.5056690737885352
10.173746996591348 -81.42819703472135 0.4939397874177334
-55.64112632748066 27.66085416054203 0.4961720148526131
29.33701494558207 -77.52504913777709 0.5060470529792257
-34.570599088614756 -7.247289405851063 0.4958770910234623
-97.9654909016762 -46.49479330851756 0.5030535117690336
-24.39520020516514 15.605717912855894 0.47060772304627413
-20.02609944537643 77.66916964968073 0.5088725697134258
-44.98686882996967 -45.78269158835502 0.5173154981534798
-11.274504636821732 0.823064144935941 0.8204288802014272
48.57689224926216 -89.47976497889468 0.5032519131046138
12.83479926483129 72.93373160459186 0.5106876388204411
-20.464501169273476 -59.28764537067646 0.4799700666385495
80.77736117440361 -42.40312420410901 0.4944244086809451
-86.78627035155284 73.52525512467176 0.4992976363154715
-22.849325984274998 -7.125540020062317 0.648526199015854
19.588651554267543 -91.91054493116111 0.4955788964595796
83.88866797101545 -98.82314726969175 0.5001164245715339
-25.955520459322486 -85.66190799944302 0.5061475361683179
-96.32969597531755 -23.753665293836335 0.5037111891566098
91.34465980311893 -56.92149301411964 0.500182995877054
47.10855283729791 -81.65562852535606 0.49489001741134486
-62.30802408140343 67.95356781138807 0.5031623067087171
-20.72355468187878 -38.19664837148302 0.47028497719124907
23.21767314777287 3.9351017439532683 0.7068296537233925
48.318458461465696 -29.966778224651435 0.4772212242457088
-96.21317676488388 -71.69322059189354 0.49926149201035674
-4.528822350531087 53.308431986415314 0.4670648912648656
-36.75403533502883 4.701452664073159 0.47549539991385936
-78.8174598400532 -78.21928010019599 0.5015952789388808
-92.8128554485482 -66.87782096768578 0.5021604104209306
2.327211643611875 -24.81500422279362 0.32611810575108274
21.553272899329443 -37.19360145415769 0.5250929412923403
-12.491699422214424 -86.03960829564228 0.5031217165196592
-10.78844594920821 56.700952797946 0.5185189671992899
47.92544723535278 77.63091015714389 0.49443114187242426
-59.1718644066652 86.78581051202917 0.5031673608951792
-66.7117029315502 -41.811458317533614 0.4910517249158709
36.611783295535844 40.25010499826601 0.5134588403161569
-75.53229676824611 39.21750956773943 0.4937941828460216
15.194183629110825 5.026977250125569 0.23711856512917756
-51.99962530284752 -58.40316794617997 0.4923452616566466
-16.010790008557294 -80.02807496700714 0.4915578386865807
-82.82621016171385 16.463719659675775 0.494480759764201
-73.12895352323943 -94.5068458344668 0.49791555534583115
-0.5889509613057129 89.58429829688652 0.5061060394907563
-16.573945515828825 -14.507536205173636 0.2738805093914326
58.42422117352214 -39.240721627324504 0.5115361964016487
15.175139734431966 -39.47962625716572 0.5625664703020374
-49.711605724244 -93.59164588870297 0.5003605443916884
74.36285981291687 40.66268841742112 0.4926039471599736
-48.47504275704082 21.70908701011463 0.4714656282417211
-46.49592808658915 -86.34859515548749 0.49908749576739136
62.08266825470545 -10.458186666917243 0.48034201726496517
-26.020515596154155 -56.0585023920116 0.5100677725136232
-11.467396322653414 -25.881390382990304 0.3462606929546669
-4.67932635078985 35.55185930653738 0.5820934984013628
-38.714269573063966 -74.38464092292153 0.5027500740341304
-46.43153826452515 -14.145085718577732 0.5422423948000252
-85.77270455037511 -54.331491385233655 0.5016385451138297
-5.660401304086875 79.83687283185125 0.5090181793114231
31.638642114674695 -89.58416819033104 0.4997395477239492
93.16177345480611 -10.961407455580229 0.496709462700751
32.693601445776835 -94.54131888985687 0.4977445764999296
-84.07910068042072 -12.830023082951186 0.4933875005034838
49.83981187769541 -29.288522753425156 0.5215573499803073
22.81088217428892 -37.891978179967566 0.4495676595625699
69.24662349854776 9.067853446908615 0.4981919607910892
39.17723990952629 -79.68302553837336 0.5005473280130814
33.03883805377015 55.352921822078684 0.5186736317110534
-42.70691261141843 -28.258936155464937 0.5119109097025941
67.85013149777893 26.467561521940326 0.49481761811239106
-45.16221026691365 -69.69767878258153 0.5073735300417114
-46.232400534959474 69.23816844419648 0.5079482045917298
20.463652763638265 -59.24509505764688 0.4803634153854006
-61.23632480453842 -51.114116304801314 0.5071129690355721
-54.14012585078465 -45.70615039390775 0.5130282465036572
94.47318068537217 -90.31984862509981 0.5012167204979393
50.61024464008017 64.05478855933629 0.4915236817726724
16.75717539769954 -78.05851478813968 0.5078519104620718
-18.845333322818078 -37.69382944603985 0.5557034852243679
-56.395609076872 32.37028549470685 0.50584642433114
-10.276712330865351 65.22999122886452 0.4827297965992439
29.963004613539056 62.64413835086978 0.48827654913965884
-55.858338573610865 28.674609754219148 0.47960814196020185
-21.151497784428486 -33.51230779595788 0.5569791098972995
86.53649091372156 40.71255205431578 0.5045337749301185
8.800078177549935 -63.64916390203248 0.5181822382115973
62.35404426968469 18.53838947301722 0.5049267575257987
-9.267944660941495 -98.72014898564649 0.5039447430629943
96.74817749314474 83.43520370107322 0.5008387460769805
36.76444106848999 -64.64798670312368 0.5054593124684638
-56.55909902152592 57.81240974544022 0.5003214666929521
-13.673188901860641 29.092338800828855 0.48647729224692454
-77.18844954411242 -67.19645191843553 0.5033761388861497
-29.166257065699213 87.12947526834617 0.499887253597985
-40.46224085934171 44.02742964751047 0.4766538124975597
18.946089315052788 40.87588020728768 0.5294402228110269
69.70447009592297 -48.670763905499115 0.4931517895195904
-14.924741770217736 99.96881466954127 0.4981675908878371
-87.88144378161307 23.04517193984327 0.4948955484082559
13.2972896712904 28.27387826562952 0.379410489558323
-81.41753999005796 -72.12031293048342 0.5021950521683987
18.362736813928933 41.364289778253095 0.5446485831928002
2.285409186066829 -83.31508488723225 0.5077776368797229
94.08729310069418 69.68909773841258 0.5002815480852166
84.67308669421269 -87.43115300013207 0.5000999864272536
-52.494409286119414 36.507988807834465 0.5116586620321906
-86.49108472556091 -14.68503669405294 0.49410968867446803
69.37611749433154 -12.192268748353555 0.5123924160778137
76.18586449162058 -91.36100455768619 0.4985528339845391
21.559308593862653 -89.53940753584146 0.5022348696694496
76.78435395934153 61.288566117966894 0.5006189182088148
-72.41841409467855 -65.62881248648097 0.49652356165065586
-74.65108673474994 -24.83162450482739 0.4906661061078532
-90.0019651019301 5.649942172431977 0.5016759401001497
-82.69020104537034 90.61180369227696 0.49814399191228653
83.9742005661094 99.32343324414126 0.5012650376988361
-27.67816744996881 -71.50297782458745 0.5087691105285622
76.7280767010837 -40.43159796942797 0.5053951580754015
-23.226408786680295 52.48331280503862 0.5031925506873498
-9.185867385589972 -14.812159600408165 0.7809145110110071
51.22150823972396 39.367695340090535 0.5172116033071793
-61.711767641306416 81.07444593295824 0.5035163232770682
-58.66296797442163 64.95146865669952 0.49578257048719854
77.08572387479944 87.0755075513944 0.4976443402853506
-67.27002878788412 -38.89445068940949 0.5010001705045619
-10.787488820619046 23.199232853225823 0.38701576738234655
-47.6715361322003 -52.971208015148385 0.5054553115668817
82.18933551548292 30.735705505817748 0.4940021029280481
49.11708326501025 -94.72915223032092 0.4968172815272387
-48.94696375061018 -6.787776726092105 0.5054471587920956
41.99712142803514 -97.37478283693348 0.4998896394136521
-94.04251644074925 0.6514699683493461 0.49526014827788306
-47.98692141585259 -61.78454896951169 0.4919603642000622
34.60699053184075 79.89853263472915 0.5014532125188912
10.043225765951675 -72.39644929939111 0.5011847420472556
-24.494182106356632 -50.337552221111714 0.48767572605315473
6.6545326835806975 -69.14008923062858 0.48862513729806334
53.99932658028732 -73.51126354693784 0.49437470668774625
35.97767607447241 9.72137994828634 0.4429946591134859
12.806513814654778 -5.366018535356304 0.8077668088814615
-46.883080185967586 -14.326855328024152 0.5341776373508
65.4309627237729 -0.7503672059473843 0.491494921443104
-0.8771923046877959 -77.84702959626695 0.49805571493302775
22.876115528089656 25.931877385607294 0.39640179544122445
-9.936033768169537 21.56106752350955 0.691629288417491
-57.96776911376882 -88.46495461504544 0.50169273650452
-35.40616338560207 -0.38207680346218353 0.5128209159292907
80.41545686487632 -97.45588201598068 0.49965750834157496
15.267414022712941 52.47809454947995 0.5250771181522443
60.34773504429768 -17.736413742080174 0.47983643248750585
-88.32721083544675 8.026839150605781 0.49925361676038293
7.075264835667113 -21.450503827145994 0.4189641785528325
-93.85248222572207 -78.51707788982563 0.49813614280793644
57.64900301639696 -85.56982982836851 0.49797725797154624
53.16140364826819 -16.171095356575947 0.5114731681652318
23.51429229739533 -23.09182079447396 0.6146837203153712
79.14509174959349 -36.741194046847745 0.49894977522621775
45.97955656997817 -20.857966272735283 0.46421939660585915
65.55329469479514 18.108839131681307 0.5094639209709176
9.829811404535562 14.184021049696895 0.7965811631607029
-52.71845689767933 13.904314048833612 0.5193636713012435
-28.959688428513715 -78.70293900759626 0.5026674675798416
-94.88915238473284 7.115493532827941 0.5011985648028463
-97.03103315866205 59.80269101480587 0.5004924835996175
31.24141647172968 -45.23603380574603 0.5309037746828131
-11.409298212996703 -95.1618894500059 0.5048131659547136
-36.36816972332253 -93.38066314622624 0.49670243089913024
97.54810823583927 71.98794866668504 0.501711358243945
3.202008110491434 -55.43831166767983 0.5134483687941497
95.03976562385111 -48.34522163184638 0.49695296193190647
48.2004732126191 2.593324177584776 0.5297924492930302
47.26836682816861 -80.44648558661389 0.5016370866379027
-56.221445011090346 -87.44509540565204 0.49698664171365103
-77.31167226468467 -65.2064407421551 0.49861816283217725
-12.665177231737516 37.25537280782706 0.5760227447017274
-49.81853446989215 -95.08848144868223 0.49846591416067676
97.79322615676509 -1.039454555539649 0.49693967340043266
38.24100681141417 24.14436347640418 0.5427351322821627
65.78293118581328 59.71283504134922 0.5011649313584932
32.18029087264017 -56.50614388969019 0.5057885267373141
-93.59129634554797 9.977367149535567 0.495018728958186
12.953214073625531 -0.878825902920326 0.25376602227032746
43.00670337682354 -78.14093921755708 0.5048372255003079
63.72137645915987 -57.15104085436615 0.49981949615371274
-89.51044841145806 32.94701405021044 0.5031463271914112
-25.80183283347253 -48.212016126531076 0.5260688151579408
35.47414358083614 -98.31304856538183 0.5004165592778302
-94.93420572983536 79.27740372613596 0.5012836959761429
57.493908971211084 36.35870241485662 0.5090155087659408
-24.198958002223875 -61.22607629945493 0.48309890427301727
-16.582313649537923 -12.660952236022794 0.6535822490101695
8.893149930496975 18.352126852315934 0.7490451663380563
45.40156132435567 34.77342521561073 0.49211588567446285
87.12687579857737 39.45190205872822 0.5045586803586771
-93.20144456756483 -91.20602094036494 0.5015400450021015
-47.577696267841944 45.783675523643666 0.482700893923228
-53.1303209160435 54.81876424235864 0.5033175362245745
-53.37354996466923 86.16436407549304 0.5003113718536312
22.58635421330662 58.62049065036007 0.4795696983935043
68.17290496535904 19.099495965890043 0.5134862865832615
58.60557863630541 -33.987201603914954 0.5146964408199439
41.22918873447037 -60.40489541912035 0.5022716169596603
60.061740340253266 -37.72723796154223 0.5121685987843131
22.089820230133284 -10.28637317129808 0.49211045750407095
-79.51694269298565 46.669783732392006 0.5032125039844494
14.721914747999804 -54.34132209345739 0.4747200444568024
-65.76739280716599 -59.13327182609911 0.4962945844560125
-83.95991312570862 -31.115783064636403 0.5061486676820446
-56.17161399671235 -65.69663820880957 0.5069417881065487
20.256719609415967 36.72794722162277 0.5389689387782177
20.86674915781566 86.01593643820874 0.49705072131757333
63.746547487995684 -77.82060357978435 0.49599098381390855
-45.68737229580175 67.27960592228249 0.4934663045755839
54.70815186918557 75.7460512044527 0.5002694700580655
-65.19910018183461 -72.54981062166004 0.4956857356948486
64.44297691356502 -41.66978306151103 0.5094633809536536
-10.84381669634162 -57.92276712489453 0.4987903468595844
-70.13848473184936 -1.4235835806888133 0.5068988867937606
-1.2163493157303122 -86.32320533406588 0.5069435291582945
-0.12331668171752597 36.3964184328436 0.5795144702759012
-0.9931940004972404 80.97286045642662 0.4985545382952995
-44.81676061780997 -15.672371056306588 0.46414141996794495
98.74532321286097 30.15396120924595 0.49757698613653534
-28.84612348957309 27.758519698879354 0.5033045708757983
30.69365607516579 -48.467405472831885 0.5018897910259592
-88.82559440580604 13.860824718930132 0.5045157668923179
82.59617457035472 38.92675854681249 0.49473273406766194
-3.398027383035142 78.9006216319066 0.49382838258397443
-74.68275349299209 59.36637996040801 0.5033081150630871
-70.37922182181919 -98.69774636216076 0.5017421676117233
-69.17696376522666 73.2127453502761 0.4962747866693457
60.32293213222647 13.741257814329089 0.5074859658061927
-68.86501426673914 4.2341152397650745 0.4853630202728873
-78.76605145994296 45.145693261063 0.4953013493199105
50.90023544293604 -18.842982320442943 0.5053441913873119
42.57141199075164 -36.70192799066514 0.47754578705533807
4.5581401780153215 76.08266509570984 0.5007641419881397
-45.05430275013818 -7.674520490642564 0.5500614976067251
82.95272202287012 -33.65247814446913 0.5061508423966911
76.67121243797672 -86.01935768302587 0.5010631923292437
88.38900220392992 44.53978268886675 0.504287172753833
-73.98357620984967 -72.41941339891548 0.49650891471316616
85.31663018450726 5.153193698066332 0.4980487164873973
72.46391717501513 90.96300187478369 0.4976468212029832
48.043950470593245 32.38619555851824 0.524666181946099
29.53397289550327 -57.510979194475276 0.516381621625237
-97.64214728267228 53.11567741801704 0.5020613971345158
59.47597106088156 -24.184001211609058 0.517584203191021
50.21416881514918 73.75526284454205 0.5050727401606804
38.05234828538855 85.24594961931493 0.5011458378216259
63.26993832017652 -67.08524403463002 0.5033319959108212
-11.272678207561256 53.60265581159197 0.528712137229969
44.48647852795176 23.090293476620744 0.4611259183906677
39.80156713605794 37.53506657545569 0.5269247250481716
-90.79160193227568 -61.09870231987591 0.49849716086098145
1.897675876011732 -11.948332907094581 0.2745444045657011
9.289825544991032 -50.728897057793375 0.5322554335934764
-60.914194020088374 -1.0600457230455476 0.5175797390819004
-81.37784699912862 48.508559028809316 0.49720941278645286
-53.10824929427227 24.433298695810308 0.5199335101045217
-83.42374910774457 -53.65925361365347 0.5038108046534125
22.058916409880254 -67.56399836908162 0.5097448627859885
-89.96618074103716 87.09831725347601 0.4988654618198398
-22.51370661829894 -76.22182006116942 0.5027964164466676
-67.96388697850728 -84.31109993453678 0.5030350087682439
42.15293243173653 33.359913686881384 0.47469709082925493
-78.39623662613782 70.7258045459418 0.5026291225648785
73.4921184891898 52.1769566016533 0.502230082517299
-28.974231070853534 6.641907626798599 0.636926504320446
-77.59727089420352 33.574908069319974 0.49356893467238516
-94.71823355495637 83.47972336371151 0.49934154628611027
-55.24811534266518 69.52333465134132 0.5006612502381849
-27.109217096988104 -71.41153998081333 0.5041761563768236
-66.28157882440293 -96.59751329884334 0.5005774793308315
86.45532515620064 53.955046154433916 0.503577137576053
-42.58050342053903 98.77162281711875 0.4997434420558804
46.64006376071583 -63.79785268348146 0.4946696638013107
-36.74548785852034 72.70347296518943 0.49223883628978204
43.28659511113733 21.603376306717223 0.5361199198755977
67.31158523093325 -80.16131173956649 0.5014657978545937
-25.844016057975978 56.293289407165304 0.5044201842196305
-60.697948013617165 54.24578229302608 0.49268068855857017
-55.08657854704633 -99.01692819941263 0.4976192578943222
69.80410388198777 66.12315133381438 0.5037531739816127
30.555381227967928 87.01865862410074 0.5034424694987191
-87.77508131564606 -24.569164149121562 0.4942500254838274
36.3465672601678 62.19711625972249 0.4881705171331649
-2.049325093512749 82.78869702897191 0.5051821313873525
62.94316048005149 -83.68249619911873 0.5016992362929922
57.28089775238317 -43.53438706136843 0.4893296108613716
76.96377054748385 -96.25518155452666 0.49974906712362005
40.57114739854637 48.08424911405942 0.4799314551911839
94.71923197275095 47.24212156987278 0.5011947942533733
-16.968481707335428 -38.80100975813334 0.5635769661177658
-10.35750957302561 -48.73417302966985 0.4739084491356874
16.11364951649341 19.488072221449187 0.32275906121098813
64.35791495730126 -16.932941786248534 0.49306257722727326
-21.532129026093344 -38.43896614392601 0.4428774177876642
