x	y	out
68.8655369	-63.39114991	0.49857697
-51.65159626	83.35049158	0.498965213
49.44133002	-16.14642305	0.534218418
11.61942342	16.87958011	0.74543312
26.65811387	-38.58556505	0.456021402
38.42795791	-34.9445138	0.535772787
-70.32599136	-61.46084476	0.500679447
43.45967553	-60.9383844	0.494800569
-71.6835917	-60.74479631	0.495658294
40.64851985	71.94251758	0.502645202
-43.84200193	-82.4381073	0.500961148
-2.941730636	-10.4385602	0.882319496
-97.03277704	85.64655101	0.499482084
-66.71378906	-50.96239817	0.501319096
76.82925524	-43.92863734	0.496940663
-82.75596877	-99.22123309	0.498881891
8.033256613	-10.90258142	0.632919842
-64.59109474	-25.77542416	0.490402343
-44.1226288	-94.21462775	0.497320668
45.97300411	-12.37620332	0.473578857
66.30311765	-71.55876698	0.495721798
-28.05912648	78.30481061	0.507890856
31.64729411	-16.82470523	0.580474161
-98.39950746	-72.92500658	0.498055084
-96.64969876	47.56778129	0.500758292
-95.36446147	86.26560967	0.498518568
-84.38567002	-57.27379706	0.50374461
57.42261302	69.93082909	0.498080658
-30.88288343	12.6719278	0.578744832
74.0132225	98.32023235	0.49910333
66.83258815	-94.0968385	0.500183735
85.78402595	-48.32056561	0.502338814
71.88411659	46.82968596	0.502574255
-51.01171458	23.08352083	0.487112735
-58.56437215	-33.47323901	0.515976006
78.46978799	16.921041	0.508549134
-95.50773019	11.90677681	0.503107679
-84.6042778	29.0970229	0.506110694
-23.05096144	70.33651418	0.511063382
-73.91545781	-98.23471027	0.498700619
-7.289939043	85.72598561	0.50533959
-62.2087402	-91.74954258	0.500616241
-61.94198955	-83.60706218	0.497409402
-73.09500892	78.44033904	0.49778824
-30.61487925	49.66550097	0.523241375
64.82876159	-86.84560673	0.503077453
17.30256431	-48.66795864	0.534673578
45.83875718	-60.52528615	0.494583813
-50.67314827	59.91703679	0.490331153
-60.58859772	-31.12571758	0.50651441
11.69916939	-4.679687349	0.128491302
37.43536679	-96.04782366	0.498571886
-48.87862426	33.01385083	0.49610429
68.32567396	66.70870872	0.503869952
70.89541215	-63.70359121	0.502598809
-73.15297991	1.554790666	0.503123452
18.54293172	-85.49059262	0.496237021
-23.98429747	58.07073505	0.479573318
69.49992518	84.24188217	0.499759932
-71.61584039	45.34833324	0.492585409
69.61146538	14.58377788	0.508744446
-30.73951972	54.75368735	0.47959883
35.35287151	-67.75264285	0.504894492
24.1941589	-36.74323608	0.441987597
60.64685025	61.55020742	0.506972231
-4.499885616	-27.52724825	0.385730845
52.91247585	-71.52112966	0.502637495
31.4411239	69.55799412	0.503175376
-79.5804165	-73.508688	0.50306714
-93.53109672	14.77739339	0.496819946
42.45557553	70.98432448	0.50382777
-48.28668771	-20.91387174	0.5000312
-28.68228776	2.29605382	0.419076454
34.72329348	37.054744	0.479970145
4.504354945	42.89003336	0.508650513
27.59840288	81.75422086	0.506850463
-71.31011119	-75.44829956	0.49654091
-29.82923041	-51.53776521	0.476782306
17.96050847	-64.56482074	0.508168402
-6.770928023	51.00725307	0.527157184
7.869444958	27.80304139	0.45203381
-12.1729239	47.93406908	0.502062319
44.13173293	7.064272509	0.491778645
60.73569483	-23.84732303	0.497776293
-57.83050853	21.84674734	0.509431211
-28.03123268	-12.74021728	0.458528164
-42.19304496	74.16016219	0.496057236
-46.82646016	-61.95803483	0.50184205
-28.79716826	-60.8645424	0.514895786
-51.53303392	59.26065584	0.490268041
25.38994866	70.47850495	0.493549894
-59.50990195	-81.341166	0.49649497
-12.39128759	-47.77186705	0.510670029
-22.05851693	-4.60667292	0.39760833
-62.62395914	-58.88381019	0.50459064
-62.38143519	-53.09585231	0.492516674
-32.98068497	-34.20853573	0.466777168
-30.2086885	49.84550133	0.524456063
-73.63810225	7.303593665	0.511224162
59.64791344	-28.24655063	0.48258974
-56.16258625	71.81573886	0.494278595
28.36507199	27.30531838	0.575285546
-50.02021186	-1.107509532	0.463603808
-31.24177247	37.65196332	0.538863183
-47.14795457	30.8552792	0.473617665
-41.56662669	-37.28877213	0.49542497
-10.84883337	51.92507498	0.474192383
-78.12379916	-60.79207242	0.504279897
10.85226596	-65.5030799	0.488655261
66.70275019	56.00182439	0.501142843
-16.76104627	-13.51698186	0.358161262
42.35004937	-63.87918055	0.50840444
5.894550401	-64.718833	0.507181734
-57.24927299	-4.229127829	0.503846121
10.28809144	15.15602115	0.363713269
26.86130389	66.70800278	0.48985154
12.85871001	70.82737171	0.488797843
4.067985058	47.53162753	0.481521145
-43.38987353	16.85359736	0.479705596
45.67704599	43.81581854	0.488004108
30.89496632	58.58953004	0.485096173
52.49204474	-38.04847252	0.512086889
-15.34222994	-54.04772544	0.478456241
-75.28841333	28.15900068	0.507690086
23.4944756	15.76528032	0.345886492
-21.03487087	14.51075609	0.378321203
37.40875193	-25.08783332	0.528457045
11.4749187	80.20777936	0.497780271
-30.55053867	39.44270171	0.469946547
-23.25792394	-38.91667393	0.54863079
15.78363522	39.02463908	0.552513331
-81.09314133	23.77718727	0.493912643
53.66462912	-19.98184306	0.496186493
-10.63463149	-34.70106836	0.588045292
-20.5135642	11.45131788	0.705648111
21.01612597	44.16745972	0.53938443
41.87855663	-1.089517578	0.533486913
-24.5719726	-5.93433414	0.321715085
-3.396353786	-25.99996893	0.599925249
34.97044746	4.906077159	0.494060853
14.48453977	51.49226296	0.466931821
7.655831788	-59.95499187	0.49843808
17.44365812	51.73111559	0.5226595
27.08861248	-64.87328809	0.510183515
66.62836863	18.55905434	0.485127393
6.269942382	4.46983289	0.924657505
-21.70743304	-0.561984921	0.303497052
-75.85787994	28.46858532	0.497788914
8.425927184	-44.32757619	0.535244625
-54.56710132	-31.98740432	0.486646734
5.037490259	-25.68444436	0.586161505
-44.59444005	-44.88023255	0.487167872
-6.899103044	-26.61594411	0.49785013
-50.12449578	-63.86267853	0.495268063
-25.07906195	-30.25022816	0.57716317
47.71585452	30.12272614	0.472260758
-7.074743045	35.28156802	0.591010587
-14.41373575	44.86236199	0.451788964
-43.45992038	23.6088482	0.501817629
7.391763506	-26.61890478	0.456415262
39.32200666	-40.71067749	0.471853571
-32.08210887	-16.98995677	0.587429144
-1.974259941	51.98095118	0.534017228
31.08558844	72.85829476	0.497890988
-28.86591742	-0.084394556	0.443798168
-18.35624094	-50.50638642	0.473933467
-26.18235867	71.13010837	0.492305448
-30.36755546	-48.3140825	0.485865421
-16.34068604	-6.309456582	0.760301952
36.23059743	52.50798657	0.506754575
-56.70129827	49.51917074	0.489060981
-43.50145935	47.18238876	0.517156341
-26.92276468	34.33186576	0.454870737
63.39987633	-19.4438623	0.486677314
-14.78950475	0.091079829	0.588347694
-37.53671923	-0.390846179	0.418245771
37.53751581	-26.59010165	0.532171356
4.17398367	-64.4376773	0.517637071
-43.00789749	34.50989555	0.528994785
-10.34002545	-61.24316019	0.497318101
26.81338391	-29.56353544	0.521037316
-30.65466689	19.17383472	0.59376031
-21.48496136	-17.63040267	0.409143724
14.05227881	-27.07550881	0.533350521
3.995978086	-16.08734932	0.550747871
62.76023111	15.08807591	0.517941438
27.90452893	-18.07952063	0.59755876
-59.43557353	9.563088316	0.487751027
21.68571817	-3.784188461	0.273365574
44.48681357	-53.04518149	0.485495912
18.23500791	-26.49385256	0.490679008
13.86506836	-18.95613488	0.705280158
-10.63052608	53.08783888	0.496722289
-29.2989429	52.5741517	0.487226833
8.718253274	-5.368232503	0.523150889
6.625490113	-3.700560655	0.885657615
29.36074988	-28.10470877	0.434339322
-22.86568052	28.26992101	0.582979495
22.59185067	-27.33053037	0.522600772
-29.68447909	50.53907356	0.514050276
6.033897681	0.766246474	0.072043348
-31.4015041	-38.96136757	0.463334383
-19.81114005	-8.40624241	0.362370041
-17.57889497	-34.00876607	0.467793543
-19.10089945	47.87540193	0.531226587
9.465495503	-47.7768439	0.54395787
9.370669454	-20.42497976	0.37369045
19.93712191	-0.888071485	0.65351483
-4.016149215	-6.423806159	0.879810713
-30.92905485	7.710743247	0.425435339
22.47939266	-65.15822987	0.485939587
13.48607018	-28.64897177	0.390415449
17.76015769	-30.39120283	0.471902039
2.483098424	28.57584821	0.397153197
39.43008062	-27.00743589	0.489279225
-29.48711608	1.736479875	0.616567066
-2.41312334	16.63424218	0.679088918
-14.22786527	48.98447385	0.496770212
-26.63190669	35.67698903	0.473356402
-15.73356358	21.0090106	0.607253618
0.513361385	32.46148599	0.559752502
-5.953970582	28.36106973	0.476341159
8.164933305	-1.712587167	0.744441935
-24.04059345	-28.96138985	0.415003926
-8.232225537	44.36337852	0.535198844
-9.096264003	-34.64262716	0.577933084
21.74657797	43.69518288	0.542599512
14.40685369	-21.35267521	0.443244594
-7.252105444	46.24591532	0.460202936
29.81743376	-0.115037361	0.63989672
-2.01946201	-15.88077235	0.238774406
-8.86503439	21.74242013	0.704994334
-0.148903878	31.54711449	0.378724491
0.095518103	3.10531819	0.010702066
21.95896483	-16.48876783	0.509257492
3.773811543	-8.407538963	0.111830173
-7.951126017	36.47444401	0.435329109
32.55714178	-25.51742703	0.466130767
19.13542062	30.97600836	0.578170875
15.00468892	16.0669109	0.272766277
-10.94589178	11.50776491	0.200288124
4.638931796	3.931759775	0.07252834
9.020505204	13.2838013	0.25791672
22.60498398	-14.22871931	0.670290818
-14.5367877	-2.961243155	0.558301608
41.631768	-35.40956877	0.525076224
40.85372679	-7.320521493	0.483746239
19.5039828	-17.44896952	0.585033964
1.550783542	28.12991647	0.347796415
-6.468656424	12.15480083	0.761749029
36.49997383	-13.15744483	0.546870921
-22.14780818	13.64183488	0.533200054
8.226161997	2.894790132	0.430129068
6.607083112	-26.06680037	0.656685688
-28.10917154	14.10949257	0.373960928
18.18317313	-45.14083258	0.54399446
16.75394257	-28.07301081	0.59715412
6.736217617	12.75313928	0.788198108
7.020690042	-17.91666254	0.312029044
-5.868544279	-5.42148979	0.925665771
15.57064327	-22.9026905	0.43603783
14.189921	9.876344152	0.796303609
7.681860766	17.51318827	0.271276002
-2.259985431	31.90582086	0.448948725
-2.164644476	-15.05151838	0.322674204
-27.88528371	6.153499742	0.371763475
-27.43437217	-27.42808926	0.546183802
17.21211937	31.66439414	0.593141471
-10.72798711	-5.056439805	0.439587388
14.77084397	28.40715857	0.456266816
22.51608851	-43.31791791	0.542307716
9.822857217	-28.13652831	0.639723623
12.59320091	-27.19174537	0.63474269
6.07277961	18.45788814	0.395587801
-6.106446095	-21.95128517	0.503580759
17.95836666	40.38426433	0.447890432
-18.78822089	-38.0598466	0.563564958
2.306181886	-9.633856203	0.263059475
30.93053712	-9.4252063	0.53149857
-13.5583339	1.504910362	0.694672375
6.930144086	-25.5377769	0.653077202
-26.27876835	16.99473792	0.376080825
19.2031077	-15.3406457	0.413386797
5.694425546	-16.5236983	0.770541362
-7.809948757	1.707109318	0.924442286
9.247384401	-4.741816435	0.645056404
-15.01258863	-18.89939859	0.581754276
8.543709956	27.73315386	0.488113468
-17.72912807	-9.210404522	0.662134075
-10.25614369	15.81772104	0.227831401
11.00805874	-4.664322789	0.369113262
-22.84655419	11.82210045	0.431466028
-3.742178547	4.246520873	0.350261897
5.9913954	-1.829501878	0.037372396
5.633473754	-14.46832495	0.196550697
-31.9611931	-9.132673683	0.598634655
-15.36852788	-5.912865476	0.483534304
1.521786573	-18.60741178	0.242690031
13.9238958	-23.99041247	0.423605505
-7.94999611	-4.884937238	0.084325967
-3.273364349	-0.482838507	0.03786753
3.473606626	12.60211366	0.306462772
-6.05640199	-20.75212601	0.32954903
0.982392845	-24.24088733	0.534128109
1.73781962	-8.897376216	0.178615823
1.36098038	-10.60235448	0.829516376
-21.30340706	-5.344819606	0.272814245
-12.7998761	2.697170254	0.312060094
3.229737096	14.65592858	0.443640805
-9.01181149	0.391712912	0.204843486
1.686671339	-22.17992842	0.304228843
-5.737443268	-14.1995278	0.268213948
14.55713437	16.42471102	0.273126612
-14.68240567	-27.63116047	0.376377632
2.978104982	-3.491244878	0.965033608
-16.9491438	-4.657115388	0.741323071
-13.96278008	-10.6941857	0.737756096
21.97079247	-24.59584565	0.614710947
-19.74488131	-4.431681382	0.734780923
14.32892782	-16.87580596	0.284519938
3.004921244	0.362017721	0.021952328
16.8401468	-15.92794107	0.652644543
12.57228962	-7.535372979	0.671266976
6.591378382	-4.501355854	0.927549309
18.8306701	-2.221911696	0.236212795
9.982191326	-7.983172577	0.164343892
3.874389925	-13.88050409	0.792650917
-14.79207847	-2.629841164	0.432923332
-15.55013188	23.91473019	0.366825269
-13.28863495	20.66718192	0.416008557
1.444917184	2.174177449	0.25978239
-10.10846945	17.51513743	0.732460467
-14.42821934	-5.532395745	0.215775794
6.258490463	-24.84742447	0.398735699
8.061925068	16.19245234	0.486243633
-5.628707233	-3.080631379	0.055082695
-3.557801171	-3.625321626	0.852765267
6.977285818	-12.2080681	0.844538464
10.65745371	-15.25641541	0.255165523
-15.77912312	-1.330732513	0.19066729
-2.766655407	-6.834788204	0.757604273
16.51660665	8.011224729	0.345398112
-29.12393691	7.78607532	0.613005708
2.195395158	-7.569317934	0.942568596
19.52015318	-9.865305406	0.277748314
-2.764596965	-20.78432809	0.610703519
15.42019881	-15.12798923	0.334531253
-6.582815761	11.31186405	0.316435913
-8.65125295	2.408449767	0.230201265
0.227976601	-20.04492235	0.686463028
-4.624806981	7.304136502	0.494972944
2.371006217	-6.314114892	0.223911561
16.5918819	0.615934513	0.567020748
3.777287855	-18.50635478	0.229174516
-4.403149396	11.00866083	0.442107516
9.118704664	-24.82169241	0.65029243
-16.52395319	10.79396915	0.552505021
-10.06905337	3.411435283	0.801129098
4.927959458	-8.137224258	0.086088949
-14.75966012	-7.311648786	0.486430457
9.125641747	-13.31159882	0.295299463
14.47452922	-6.546518452	0.201233588
-11.0233342	0.012227988	0.89690864
-1.909385419	-5.708653434	0.097617821
0.284942478	8.379425194	0.713163332
-9.071738615	-1.083204504	0.143074131
-12.14860654	-1.947702965	0.173677178
-12.76884655	-11.11642381	0.731422764
13.11280212	-11.45251162	0.784375313
27.18924512	-2.781056944	0.550859637
-15.40747296	-15.19977969	0.322066808
1.3089734	-19.7572589	0.583911477
11.85837899	-15.04405092	0.281052919
-12.99183316	-4.256278338	0.711676939
15.65246707	-17.73089226	0.702344062
-2.885636152	0.872699426	0.024690957
9.128944668	10.63351719	0.838868711
-6.735245743	-13.81768066	0.244062555
-10.49074309	-8.126721123	0.441319559
-11.90752453	1.968907922	0.29236381
-0.299959919	-8.783375364	0.373396943
-16.41992599	-0.900617644	0.469839933
8.753452537	16.49768305	0.241535827
-7.128829172	-8.457726966	0.893498051
3.963429408	-2.727711072	0.968304104
-1.845318997	-14.58517103	0.644684183
4.532565129	-5.394363293	0.479328109
13.0276452	-15.51071654	0.737915035
-4.890231179	-15.05807213	0.19016142
0.062200297	-6.542527432	0.100818801
-9.834853875	-2.807939009	0.514480121
9.019077925	-6.770614455	0.832558498
7.508232088	-11.22408736	0.607111232
-4.970379097	2.802607082	0.310243504
6.160390803	-4.660949271	0.930526803
5.352644285	-12.24009891	0.505420647
4.453206189	-8.81288093	0.241525312
-9.223400886	-6.989517337	0.657426454
4.191938206	-4.11628939	0.18000164
2.635083416	-6.644631268	0.571636638
1.71404649	-7.389564378	0.884264919
-1.938110799	-5.850783982	0.049173913
-9.082709637	-0.150553119	0.16866817
-11.64117346	-6.061597265	0.340436725
13.11211801	-17.06188416	0.363321461
5.096744845	-14.73017888	0.185785095
0.369756951	-11.25156896	0.840974833
-1.426817969	-8.583590573	0.446566321
7.96632775	-7.974899268	0.834918327
8.960937718	-13.87740753	0.515882131
0.984267025	-2.95204894	0.010414212
-2.021944019	2.104069363	0.056700425
-14.48542799	-14.34806942	0.748974049
-8.175236643	-6.172009709	0.527231416
-15.39723087	-1.52892062	0.209805569
3.089845001	-2.636542098	0.62892544
-9.891486616	22.67722315	0.363802896
4.000708724	-8.364425711	0.09567812
1.577557298	9.785533998	0.267097713
-1.309628613	-9.463423464	0.094001123
-18.32862804	4.179269198	0.228420776
1.173401292	3.482053692	0.264462056
2.107088053	-5.81758716	0.044674259
-7.201281972	-8.702263397	0.824605826
-1.738498504	-14.82443516	0.497685296
6.485191658	8.515089492	0.835744009
4.992626947	4.635132439	0.276256224
-8.649081103	-11.73065069	0.718143712
-3.39852609	7.849102274	0.574402598
-16.86447666	-3.26155057	0.791968231
6.817969574	-4.809008518	0.743907141
14.50405393	-21.5074087	0.508170417
3.960628426	-8.614425328	0.081764698
-17.89591392	11.44881951	0.481506054
-0.656966269	-2.574938344	0.220623137
11.28683708	-10.10639884	0.354503649
-2.521429073	-8.520610352	0.296750759
-9.639289127	3.209206208	0.458412132
-4.034297034	-1.410606339	0.808296358
-4.045260787	-2.915191678	0.906407716
-6.54875756	6.814769812	0.079233301
-4.89968525	-5.205837534	0.572439315
-15.45907015	-7.282973251	0.778147816
2.59407574	2.739473081	0.352461625
-5.403442173	-7.806724001	0.083332648
-1.882296782	2.872423229	0.092873255
-14.30061656	-6.333267781	0.180180462
-3.300772426	5.348211972	0.037278068
6.653640369	-2.343448064	0.487010191
5.914105537	-7.420498058	0.082653791
8.371700386	-9.375188185	0.127125843
-1.637420783	-7.971760744	0.870654932
-10.70494246	3.174807642	0.87260063
7.43077139	-13.2982086	0.308127505
7.222940133	8.087280943	0.881882371
-3.97229441	-6.113928195	0.69401284
-6.379708803	5.597069271	0.630611974
2.108890085	-9.381946287	0.111340049
-16.81939653	-7.511137747	0.317800623
2.460974668	-12.86573017	0.323582512
0.980933971	14.7889863	0.567487654
5.060502599	-0.271731556	0.860179343
-10.44969593	-6.716977364	0.140215599
1.727850063	-13.60379226	0.734281464
-0.017957612	-8.127996971	0.875510847
8.191201447	5.800688516	0.36000588
-6.685524726	-6.161735101	0.164512785
-5.120708563	-5.792090592	0.931815142
4.494479403	-6.52469301	0.938484267
3.883706437	-1.712842941	0.786302862
13.19768267	19.05271075	0.651998629
4.131831216	-12.01874198	0.144397323
2.533825999	-7.134637029	0.877618739
-3.565995834	5.423976389	0.078890144
-5.168516521	-0.910003811	0.726844637
-3.097898616	-4.179114635	0.764245287
2.252019668	-5.972132754	0.047477337
6.171559806	-5.54302513	0.777932031
8.820801518	-7.472573365	0.666025726
-2.969246961	5.589379053	0.039721138
3.263258174	-6.980771321	0.926108052
-1.1589966	-9.348498296	0.078202285
-3.643146612	-2.724639246	0.954625817
5.991561696	-4.294363737	0.756198906
0.021426891	-8.117693255	0.880270234
0.15640401	-6.298653521	0.037733221
1.774918878	-6.057510184	0.038360893
6.576732844	-0.181980449	0.11883576
5.402220687	-2.534530679	0.123816887
6.218082736	-8.293854931	0.624954546
-6.113412584	-4.275240263	0.816439525
-0.918190001	6.582616467	0.157147868
1.723902124	-6.485480325	0.199559481
-2.630971637	-6.62953438	0.557731852
6.867272182	-6.458844453	0.078296654
-16.54923156	-1.883242098	0.597942418
-2.975357184	-6.2566277	0.373739289
-7.261985927	-7.103218689	0.45749546
-11.72733734	-6.744373519	0.623584275
9.553654012	-5.722229983	0.880191427
7.999298773	-3.631386977	0.376287518
-1.621862517	-5.178087579	0.567373373
3.101539099	-9.737833121	0.507914367
9.448524619	-4.449437255	0.683066332
9.921420433	-12.09772153	0.17981021
2.613949058	-8.90934862	0.092694771
8.082942067	-3.729777036	0.284772691
-12.30037201	-3.836719084	0.204362382
-15.89251446	-5.389391606	0.665854632
-5.174706229	-3.454639747	0.040050898
-4.614469788	-8.240368302	0.078864301
8.690240972	-10.76297794	0.789224628
0.033252059	-9.040062909	0.193027897
7.420887226	-1.684720038	0.894501416
-4.780714402	-1.951027604	0.794044902
-3.54636919	-2.820534325	0.948919106
-5.455410568	-6.960920812	0.328880531
2.295087614	-3.180775761	0.495490416
-0.677920753	1.041502873	0.894940033
9.844938614	-4.50828867	0.878299708
-8.692890323	-6.199150474	0.823796754
3.26605989	-4.780251532	0.242157134
-3.148404172	-13.29802145	0.708511706
2.645638477	-3.726097499	0.960380685
3.279144276	4.580357721	0.374376509
2.596813008	-9.156238721	0.086793821
-9.493534274	-3.275933616	0.364496195
-5.42703748	-9.423100771	0.888118237
-0.975162288	-2.625277936	0.117893488
12.57340694	4.910140945	0.603247835
6.241144803	-7.648753564	0.240106156
12.22727478	-7.394526644	0.828966022
5.311605693	-8.857725407	0.595503726
8.340668057	6.886769224	0.875286281
9.137704904	-6.664767298	0.81782384
1.06839716	-10.36655353	0.66684591
5.362685503	-10.56689423	0.447248747
6.997755651	-4.257457881	0.843004565
5.854139656	-4.829917646	0.885883685
7.231599495	7.374433382	0.59572731
7.904262711	-7.428272366	0.882719688
-0.434060222	-2.652202773	0.196816667
10.89932405	-6.399895101	0.132216806
0.18821287	-7.014897778	0.453609431
-5.748492114	-10.60493826	0.296451163
-4.388269503	-3.675869696	0.294726205
8.346174416	-2.727393048	0.379962088
7.609383526	-5.433074813	0.08189145
9.720434494	7.905610374	0.12750111
-12.50256402	-3.739897788	0.292766108
0.59788741	-8.228179019	0.807944957
1.647412766	-5.596672384	0.208650534
-8.238735992	-4.043881319	0.125560796
-0.836970877	3.796950098	0.462300512
3.481991364	-0.503960565	0.144166265
5.536582616	1.067730792	0.369474108
5.90356827	3.581573458	0.353659152
-0.267757903	-7.803681813	0.942330947
9.036233792	9.793552546	0.481017359
-8.004861229	-4.445966525	0.134109091
-5.062121569	-5.920037379	0.940711604
8.612391661	2.651614102	0.210357465
3.67722342	-5.174142412	0.041827528
-3.841401076	0.090311706	0.418304007
-6.930125189	0.684306682	0.405406968
6.40081469	-1.982205654	0.192651643
6.785260237	-2.482579413	0.639126488
-0.436511218	-2.019788368	0.771500613
1.788198275	0.057940811	0.950193469
-10.08924343	-1.392331342	0.47922955
-1.254572148	-2.562980323	0.087438538
6.062864855	9.808748456	0.686553119
-4.827093863	-6.095868946	0.939164383
-1.426145842	-2.844005785	0.011534544
7.559913877	1.615419603	0.931708137
-5.285504747	-4.227847071	0.241733201
5.034160163	-9.271742184	0.754623336
0.528878184	-0.709769065	0.598932883
0.483073545	-2.600262045	0.230970966
-0.749376321	-8.02117536	0.905373992
5.552936718	-4.500578387	0.571357327
4.09099352	-8.927210276	0.207356911
-1.469849804	-5.306025621	0.492406481
3.461549219	5.562279923	0.104892545
-7.511033433	-6.094944637	0.132310217
5.451756335	-6.762345675	0.459533673
-0.878668262	-7.112928927	0.588456581
-4.11062668	-9.795435981	0.796733421
-4.745377841	-8.729984427	0.28435069
-2.293440851	-11.45089017	0.578947157
0.594825862	-8.456286755	0.638715354
3.849864514	-10.74995556	0.759452051
-6.619221003	6.409506069	0.112418043
-7.594716376	-2.637488804	0.911063136
0.824924836	3.424780481	0.14717718
-3.339691679	1.444493911	0.234492556
-2.201576975	-4.073411219	0.972785497
0.987347195	-2.925505425	0.012253663
8.998356385	2.242132564	0.095311907
-7.740249097	1.26642459	0.943624912
4.809469015	-6.112814205	0.939459147
5.681492406	-7.476117974	0.07876695
8.488291618	-8.126958729	0.52271451
-5.443003937	-11.11474684	0.150942286
4.60896174	-3.557060187	0.217539207
-3.635555381	-12.06347405	0.128424801
-1.101699283	-7.182599469	0.674018084
6.625254419	-6.425292963	0.107477111
1.356766449	-6.602763403	0.221056597
-5.954175569	-4.6629084	0.873588571
-0.960272911	-3.543006987	0.2613767
2.32020786	2.017513318	0.013707181
3.532330632	1.165974233	0.304138775
4.972759761	-1.501730423	0.770194145
4.213966559	0.40085383	0.777227671
2.146226349	-9.774908439	0.337286713
6.616483896	-6.586133315	0.083652689
3.325529626	-5.628590492	0.098403228
-1.197409865	-6.697037268	0.268832532
1.833644511	-6.418544829	0.175605717
-8.861587683	-1.50554266	0.224779822
0.648871864	-11.66130811	0.578152184
5.602459864	-2.714523263	0.039700302
3.442079414	-6.051838843	0.403982024
1.722529156	-10.86386244	0.897880047
4.601060505	-7.237685217	0.554540753
-4.613566589	-8.156032504	0.079949828
1.683936473	-2.129809591	0.175931936
5.35388576	-2.85487287	0.077490397
-2.108649709	1.608596676	0.224896141
7.192886471	-4.936970165	0.427122949
0.426336456	-2.698243932	0.163833636
-1.943134686	-3.084861336	0.240379405
-5.564631353	-6.541949742	0.544058602
0.416245527	-7.087542827	0.528233484
5.225601142	-6.658038706	0.649744283
-8.090554272	0.452414695	0.886716266
-3.831825264	-4.86148862	0.044241295
8.718664754	-0.312229399	0.427059122
7.985209526	-1.852672217	0.839520222
1.451408848	1.436804883	0.791242455
-3.302824063	-5.78721161	0.167856868
-3.84869731	-6.797677293	0.942546719
5.596545765	-4.257796084	0.466885192
-1.492148188	-8.168420302	0.772271716
4.431288411	-6.0583721	0.843884228
-2.88694123	-4.04176962	0.915828836
-4.735188613	-2.999996033	0.399502131
-5.79651909	-4.027742959	0.490846677
2.734307098	-4.128410593	0.922786603
0.545171993	-6.89631721	0.364774902
0.51526044	-6.738466368	0.233974536
2.807474408	-8.466306882	0.271910364
-5.357338025	-3.436835725	0.044342584
-4.376702695	-6.337967087	0.925218197
-0.011506925	-11.10602526	0.88659814
-5.821614036	-4.572145999	0.77824545
1.433561163	-12.53417568	0.129703677
-0.638644817	-0.553035285	0.559194239
6.558380854	-3.725502571	0.863619445
2.373644641	3.497266854	0.7722729
-0.800745631	-7.165399409	0.626091215
-3.582779519	-0.335570894	0.202361906
-2.519628219	-3.772827984	0.950745636
3.912654377	-0.288068606	0.496366482
-0.284207537	1.079146736	0.806226477
8.005908252	-5.40343693	0.126664471
11.08191341	-5.205857412	0.197883958
8.447982371	-7.24630219	0.881627303
-2.125791767	-3.577552301	0.718354452
-2.637727414	-2.99668772	0.563010224
7.339264593	-6.179223331	0.10456069
-2.199322406	-8.464387043	0.409153085
7.389296833	-5.49892263	0.113442369
0.347530272	-11.79765437	0.483210845
1.11575627	-9.424302252	0.082796314
3.779541902	3.978785104	0.509435219
8.284116545	-7.041956878	0.887857315
6.193942062	-7.003151094	0.08196337
7.050991831	-7.900293558	0.777928134
5.6266832	-5.352162623	0.937818802
-5.146296742	-7.868786762	0.078352077
-2.294710826	-4.72614719	0.722014444
9.246391738	-7.432495777	0.437023279
3.419839391	-11.40058838	0.407701665
5.364997562	-10.22768533	0.673893095
-5.680449094	-5.650334068	0.91960453
-5.320848317	-5.763331533	0.943629082
2.290684401	-9.84045656	0.412879604
-0.322200805	-1.380496313	0.974803008
3.128496006	-4.625006653	0.419561983
0.133307482	-5.840785836	0.202740685
-5.400739223	-8.1091628	0.164604834
-8.608030992	0.947572546	0.482137069
-3.363019526	-5.271456426	0.037771042
-4.175780359	-9.769160614	0.797384212
-4.494520492	-6.686885523	0.905053912
7.479842738	-4.506600225	0.420026671
1.114318978	-10.61205045	0.820738421
5.725987068	-9.597294183	0.869787083
-5.767046995	-6.245853329	0.61870089
-5.38578578	-8.276642819	0.241912167
8.787465297	-1.896314597	0.224019685
3.368718488	-4.629852799	0.293637925
-4.488961123	-5.66070168	0.638614763
5.147996839	-9.677754271	0.897573117
10.73655414	-5.911231627	0.19245358
2.566445882	-5.870484937	0.052718827
5.133536675	-6.490390384	0.791551691
2.979184243	0.635051723	0.018072847
11.40946386	-0.016150188	0.764815279
6.47303844	-5.484527434	0.63294973
3.497052693	-0.496087546	0.15357291
-9.446053144	-7.265225493	0.397088916
-4.638048896	0.6251682	0.977792129
-5.535247386	-7.940960265	0.135187539
3.845408701	-3.911592103	0.511835397
-3.570106427	-6.961333266	0.943158116
0.203537667	-3.973251679	0.549791218
5.540218373	-0.81454661	0.404780935
-0.408787127	-9.471969532	0.081709545
4.313931086	-4.737132526	0.05274082
-3.813230335	-9.379180183	0.430029701
-5.40475188	-3.949245594	0.187978207
0.060545813	-2.671098997	0.209118297
6.305464941	7.012738934	0.078367479
6.707306528	4.457685355	0.90630258
0.969350109	-3.74113768	0.439665978
-6.204399684	-3.848755029	0.702183354
1.01169182	-0.66732144	0.875562675
-0.069820161	-8.912359194	0.276985043
-5.607992727	-9.603838786	0.883535308
-2.824835511	1.156515692	0.016974816
-5.942422837	-2.761511583	0.105518366
-5.112495251	-7.749283964	0.092935354
-2.117485645	-2.210459391	0.015597175
-1.344959964	-5.851246441	0.105017421
3.551310456	-9.826889554	0.68675367
4.838481083	-2.806665978	0.410470267
4.517684507	-4.141977758	0.057439697
7.949469251	-7.591806368	0.897998321
-1.526485742	-0.533170931	0.995280984
-1.121308459	-1.938087136	0.614884074
-3.007331348	-2.829428673	0.69013815
4.662820794	-11.10822866	0.306447965
7.286416813	-7.109491701	0.47541496
5.319212069	-7.338005132	0.179926801
5.836062369	-4.042444088	0.52788049
0.775778622	-7.636668477	0.917943779
-2.224544344	-3.850787671	0.914717725
5.580766362	0.996603996	0.342358164
-3.516964513	-0.896432034	0.22692186
-2.574942105	-2.877055945	0.436176357
2.060774516	-0.554242172	0.713004463
-3.698872697	-7.565128661	0.684439124
-2.077772689	-3.434472928	0.583912001
-6.501255573	-3.059646706	0.604534603
-0.85171916	-1.817555283	0.818750078
-3.03282374	-9.595475336	0.38067452
-4.705026955	-6.725656472	0.83336902
8.265926673	-1.539526639	0.694649895
-7.0057286	-3.059172736	0.90772025
-6.739295732	-8.254537942	0.813874453
-2.716911334	1.892680283	0.038653559
5.383858508	-5.371660055	0.892684225
-7.347413497	-7.888744807	0.864708974
3.077587975	-0.405104702	0.010873895
-4.967803708	-2.651525653	0.376204464
2.453206349	-9.17918589	0.084295826
-9.101270752	0.620320204	0.14945787
-2.765423855	-4.136935232	0.911415028
-5.089050493	-2.720294213	0.257073823
-0.380211258	-3.12723915	0.009852161
-10.00502467	-4.045931429	0.868372635
-4.977684706	-7.851478645	0.090270788
-0.159056225	-3.550646532	0.169215732
2.538635433	4.294653329	0.905077272
6.978598311	-5.682842212	0.217623175
6.730027332	1.006263285	0.270101624
2.901944817	2.432772075	0.365499659
-0.723828969	-4.972334982	0.885837629
-0.517132597	-2.47527843	0.333019123
-4.99193645	-5.838167593	0.919535254
-6.021644251	-6.55923842	0.283179145
-1.488311698	-6.105281744	0.037268484
4.438813043	3.396506654	0.414506254
3.897096667	-1.548479212	0.745333356
-7.190702479	-3.674052882	0.89832254
0.843546691	-4.834251225	0.940994394
-1.289516961	2.679635103	0.036141908
6.05228093	-3.631549518	0.490583744
-9.905153473	-4.238509571	0.862598075
-7.927673415	-4.938913519	0.083046707
1.048097753	-2.008181332	0.589534883
-4.522465105	-4.13583964	0.057608129
-1.781877245	-4.810449798	0.81861692
-9.204332043	-5.192588913	0.76545233
-7.401392032	-5.593669198	0.094395222
-6.058289272	-9.431879307	0.858876195
0.373913646	-6.449639528	0.067922189
-1.382674019	-6.365747567	0.088113899
-7.445057692	-2.12372338	0.933940862
-0.975806359	-3.111496483	0.024341607
2.711120328	-6.098975189	0.175002268
-3.399776282	-5.406895902	0.048328168
-0.375114827	5.073104562	0.847902418
-7.066035653	-10.22767908	0.138519638
-2.256831978	-2.605564455	0.100008802
-2.118973198	-3.806993982	0.86492595
-3.124627388	-3.660679871	0.96800169
-3.43218024	-6.09884645	0.436309817
-3.882124968	-3.410273405	0.79119515
1.589689084	-2.968184825	0.060021776
2.104867406	-8.128353644	0.703733126
-5.042607042	-1.59076253	0.693127189
0.71015631	1.164995899	0.956294295
-4.928226906	-0.804500155	0.902723835
-6.842528169	-5.262224858	0.506402685
4.949625314	-7.251407018	0.380694539
-1.001315568	-2.30830323	0.344752421
1.231166844	-2.377521486	0.204698593
-0.663027537	-10.14134238	0.461295311
-5.684584817	-3.930534259	0.358926387
-0.296996761	2.325757934	0.511423191
3.232056637	-6.895245856	0.89669541
-2.181228765	-3.642346928	0.786979125
2.155839331	-5.950461503	0.039706369
-5.439220916	0.273109772	0.548690673
-2.107804206	3.719102296	0.809087959
3.798497629	-0.551856403	0.414389487
-1.875677784	-6.048810352	0.040103817
-1.849952834	-5.878347484	0.049355607
-5.517142749	-5.47669996	0.938940249
-1.620331008	-7.489906494	0.913981521
-3.355729642	-3.203765241	0.974069373
-0.542658641	-0.864332266	0.726118747
-3.022131779	-4.781995961	0.353091073
-1.006015496	-6.464103991	0.100397928
-2.183440357	-8.676597435	0.252538497
-5.805617083	-0.089395328	0.229252948
-2.207524069	-8.046661283	0.743439285
0.107197254	-2.975699301	0.034927341
-1.717772742	-2.725482349	0.016483635
-1.394031601	-3.802496795	0.617851079
0.610635609	-6.416966872	0.06330453
0.22896748	-5.631828018	0.371380632
1.104449208	-8.773414547	0.329913939
-1.369440498	-1.544477526	0.773372583
-4.712066376	-5.695789984	0.771104282
-0.468828467	-0.408607092	0.339524381
-4.991536449	-3.788761122	0.037327342
-7.349573557	1.789141946	0.874297984
-3.015445807	2.122684262	0.275826403
1.069145559	-9.481581614	0.09139088
-5.33524733	-6.271488517	0.817931924
5.631497119	-6.188437535	0.726137996
-0.571532587	-1.794904479	0.902383675
3.386870561	0.149274074	0.070453424
-0.982823923	8.335189989	0.70647472
-4.117368887	-2.286363523	0.978528994
-4.734139056	-2.158723967	0.763469059
-10.58029043	-0.734627997	0.787318327
-3.216777179	-7.739031021	0.71571204
-1.789688567	-6.686045262	0.367919289
-1.724517869	-1.195611957	0.744332449
-1.816898289	-1.756786984	0.334305576
-4.777420373	-5.095113048	0.423960411
2.145886152	-3.749840807	0.84122039
-10.91400091	-8.486663184	0.786049588
-3.562582206	-6.648518187	0.863723117
1.670009572	-8.908744032	0.179489318
-5.764122309	-3.896327106	0.399745437
1.962165991	-6.161383864	0.069871577
6.362281769	-2.824379735	0.402899013
2.396257505	-5.575781713	0.076961077
1.604713741	-5.529078638	0.267690008
-6.584131076	-5.880502189	0.34160331
-5.585263074	0.015224359	0.418136402
-6.875882655	-2.13927461	0.618279837
-2.237662433	-5.219410584	0.333760198
-5.64050201	-6.215499283	0.706180948
-8.630182642	-3.36851715	0.097579298
4.661982368	1.329464418	0.959894402
-2.263420989	-3.59200556	0.787081558
0.636439818	-5.92847708	0.126375538
1.526007381	-1.193792257	0.868687438
-3.416569962	-0.23625342	0.087773071
6.722331779	1.185485016	0.28717217
-4.498382628	-4.787169837	0.113586635
-3.102040982	-3.650529933	0.971996542
-0.970979433	-7.97969191	0.911429907
7.6815835	-0.755664813	0.929142367
1.356906225	-4.066362333	0.817749524
1.16690156	-1.459228397	0.911127388
6.444073885	-1.186874955	0.105386972
-1.664137351	-3.30723856	0.288648281
1.098030379	0.627808912	0.907967776
1.207733961	-5.939285154	0.080049324
-3.070850508	-5.256744228	0.07008313
-3.074291516	-5.791806114	0.107663622
1.387286478	-2.46003804	0.103721658
2.924744508	-2.378526398	0.349703911
-6.279294108	-8.407536194	0.717883274
-7.343118808	-0.992416261	0.783423701
-0.85445142	-8.838114622	0.301668476
-5.04946055	-7.242149239	0.34094213
2.121547497	-5.808068494	0.045352303
-2.923767419	-4.658404639	0.497988014
3.362709183	-6.461891538	0.688704702
-3.99363801	-4.281737325	0.193680964
-6.278702812	-6.840597987	0.092615848
-0.489695145	1.164178703	0.906903819
-6.03236796	-4.062999621	0.679350037
-2.987871572	-6.466969538	0.549944488
5.292879443	-6.392346681	0.775308057
-2.624028466	-5.082196705	0.298741403
4.6985197	-4.730373865	0.17036729
2.867103072	-6.22220735	0.307691454
-1.243971905	2.076572052	0.436455164
5.814224975	-9.57350128	0.861964989
-6.204211885	-9.629605895	0.736945022
5.034284514	-4.443667597	0.202531405
0.430326913	-8.29655663	0.769405445
2.00129789	-3.149600887	0.314780891
-1.44954948	-6.70718315	0.316921817
0.592972383	-1.251770257	0.964134419
1.703645791	-7.292616089	0.834057121
-0.033103753	-5.086272526	0.848277414
1.673215166	2.290739023	0.096605972
7.878731482	3.09751307	0.648159175
-0.194887134	-4.351042868	0.863946149
5.818609329	-5.141598357	0.937698428
-4.862822892	-1.551184199	0.836398921
-6.626368397	-7.266245534	0.215907785
3.150711402	-3.998307264	0.845558455
-5.767593344	-8.800479872	0.736723616
-0.954145648	-5.399861984	0.513452107
-0.743205951	-6.68521906	0.210683861
-2.700885934	0.478393325	0.155888568
-2.760931601	-6.592756018	0.571161613
-3.458722444	-0.986974094	0.201065406
-5.988836117	-3.490118207	0.37684302
-3.033310248	-2.627822991	0.583162058
4.262104132	0.156021865	0.801737008
-4.479187819	-6.572586952	0.933497901
-3.554869166	-4.009545371	0.629922039
2.135198547	-3.008408124	0.277107609
-3.227642127	-5.313973836	0.040531237
2.259249199	-5.179623528	0.358450378
4.218853638	-1.88674227	0.971414515
-0.717994227	2.017581079	0.706234747
-6.960869051	-3.723745282	0.94161702
-3.153428538	-3.322898076	0.963196711
-0.703703554	-8.497044504	0.597577452
-6.979483725	-8.005593771	0.795592452
-2.08746204	-4.087737273	0.965259193
-1.098263848	-5.563401742	0.340848605
-0.578623112	-3.301398747	0.053594381
3.312270631	-3.13019047	0.95696896
0.370903063	-1.970251356	0.820547125
-8.062226408	-2.473754752	0.674655012
5.775735475	-1.390582334	0.138685701
-2.70039292	0.107300982	0.185320627
-4.539543711	-2.9293405	0.589287884
-4.543648689	6.964157531	0.764077757
-3.102011825	-1.707282912	0.159668434
0.774776376	-7.925571609	0.931609231
-5.404724914	-3.530387319	0.066330467
-3.49022303	-4.419385739	0.375966598
5.201526669	0.187725092	0.762022202
-5.007226443	-3.395097597	0.084497444
3.232375006	-4.941542051	0.160532108
6.237262282	-5.969883853	0.504809742
1.285215709	-5.067214851	0.743675157
7.46449647	-2.295700918	0.942415852
1.531265547	-3.835115951	0.690479152
-4.289036803	-8.384891955	0.078192757
0.70362851	-5.785551193	0.212961645
3.748215496	-3.771478204	0.667057939
-0.143809059	-3.799739458	0.380240701
-2.046218732	-3.251350719	0.417527503
3.260313623	0.037659983	0.024249025
-2.917417383	-6.327447262	0.408803929
1.595789345	0.662721704	0.972684569
4.762853591	-2.096774368	0.762776821
1.189026751	-6.795463045	0.348165286
5.209761568	-3.016882608	0.097285596
1.135265646	-3.859040406	0.591991123
3.780321857	-9.25677925	0.330564911
0.374635974	-8.987814948	0.220251078
-5.159849337	-2.922251393	0.145107351
-5.019779663	-1.972399161	0.597873379
-4.259016556	-5.469579609	0.377378656
-2.398133639	-9.854530287	0.444228096
-5.167556312	-4.992145543	0.604375541
8.234441162	-3.058517161	0.376998647
-8.137028202	-0.936445134	0.843221908
-3.194007588	-4.514303115	0.469715509
4.370464089	-7.008129874	0.801968424
-2.959825348	-3.05243185	0.791805109
-3.553080909	-4.529469864	0.268064704